   0       2.2369       0.2157       1.9579       0.4284
   1       1.2776       0.6154       0.8214       0.7526
   2       0.6757       0.8031       0.5417       0.8446
   3       0.4876       0.8632       0.4302       0.8727
   4       0.4128       0.8827       0.3804       0.8865
   5       0.3734       0.8932       0.3503       0.8970
   6       0.3475       0.9007       0.3288       0.9029
   7       0.3282       0.9056       0.3118       0.9075
   8       0.3124       0.9102       0.2974       0.9117
   9       0.2984       0.9137       0.2847       0.9157
  10       0.2856       0.9171       0.2729       0.9199
  11       0.2735       0.9205       0.2619       0.9222
  12       0.2620       0.9243       0.2513       0.9252
  13       0.2510       0.9273       0.2413       0.9282
  14       0.2406       0.9299       0.2317       0.9317
  15       0.2307       0.9332       0.2227       0.9349
  16       0.2215       0.9355       0.2142       0.9374
  17       0.2127       0.9380       0.2062       0.9401
  18       0.2045       0.9403       0.1987       0.9423
  19       0.1968       0.9424       0.1917       0.9440
  20       0.1896       0.9447       0.1852       0.9456
  21       0.1829       0.9466       0.1791       0.9469
  22       0.1765       0.9488       0.1735       0.9491
  23       0.1705       0.9502       0.1682       0.9504
  24       0.1649       0.9518       0.1634       0.9516
  25       0.1595       0.9532       0.1588       0.9535
  26       0.1545       0.9549       0.1545       0.9546
  27       0.1497       0.9563       0.1505       0.9549
  28       0.1451       0.9575       0.1468       0.9560
  29       0.1408       0.9591       0.1432       0.9574
  30       0.1366       0.9604       0.1399       0.9590
  31       0.1327       0.9616       0.1368       0.9595
  32       0.1289       0.9628       0.1338       0.9607
  33       0.1253       0.9638       0.1310       0.9619
  34       0.1218       0.9649       0.1284       0.9622
  35       0.1185       0.9661       0.1258       0.9627
  36       0.1154       0.9670       0.1234       0.9635
  37       0.1124       0.9680       0.1212       0.9641
  38       0.1095       0.9686       0.1190       0.9645
  39       0.1067       0.9693       0.1170       0.9655
  40       0.1040       0.9703       0.1150       0.9662
  41       0.1015       0.9711       0.1131       0.9667
  42       0.0990       0.9719       0.1114       0.9672
  43       0.0966       0.9728       0.1097       0.9677
  44       0.0943       0.9734       0.1081       0.9681
  45       0.0921       0.9739       0.1066       0.9683
  46       0.0900       0.9744       0.1051       0.9689
  47       0.0880       0.9750       0.1037       0.9690
  48       0.0860       0.9756       0.1024       0.9692
  49       0.0841       0.9762       0.1011       0.9694
  50       0.0822       0.9766       0.0998       0.9697
  51       0.0804       0.9771       0.0987       0.9700
  52       0.0787       0.9776       0.0975       0.9706
  53       0.0770       0.9783       0.0964       0.9706
  54       0.0753       0.9788       0.0954       0.9709
  55       0.0737       0.9792       0.0944       0.9710
  56       0.0722       0.9796       0.0935       0.9710
  57       0.0707       0.9800       0.0925       0.9709
  58       0.0692       0.9803       0.0916       0.9709
  59       0.0678       0.9808       0.0908       0.9708
  60       0.0664       0.9812       0.0900       0.9713
  61       0.0650       0.9817       0.0892       0.9715
  62       0.0637       0.9821       0.0884       0.9722
  63       0.0624       0.9825       0.0877       0.9724
  64       0.0611       0.9829       0.0870       0.9727
  65       0.0599       0.9833       0.0863       0.9728
  66       0.0587       0.9837       0.0857       0.9731
  67       0.0575       0.9842       0.0850       0.9733
  68       0.0564       0.9845       0.0844       0.9735
  69       0.0553       0.9848       0.0838       0.9737
  70       0.0542       0.9852       0.0833       0.9736
  71       0.0531       0.9854       0.0827       0.9738
  72       0.0521       0.9857       0.0822       0.9740
  73       0.0510       0.9860       0.0816       0.9743
  74       0.0500       0.9866       0.0811       0.9746
  75       0.0490       0.9868       0.0806       0.9748
  76       0.0481       0.9871       0.0801       0.9751
  77       0.0471       0.9873       0.0797       0.9751
  78       0.0462       0.9876       0.0792       0.9751
  79       0.0453       0.9878       0.0788       0.9754
  80       0.0444       0.9882       0.0783       0.9753
  81       0.0436       0.9886       0.0779       0.9754
  82       0.0427       0.9890       0.0775       0.9755
  83       0.0419       0.9891       0.0771       0.9754
  84       0.0411       0.9894       0.0767       0.9752
  85       0.0403       0.9898       0.0763       0.9754
  86       0.0395       0.9901       0.0760       0.9757
  87       0.0387       0.9904       0.0756       0.9762
  88       0.0380       0.9906       0.0753       0.9764
  89       0.0372       0.9909       0.0749       0.9764
  90       0.0365       0.9912       0.0746       0.9765
  91       0.0358       0.9914       0.0742       0.9766
  92       0.0351       0.9916       0.0739       0.9768
  93       0.0345       0.9918       0.0736       0.9770
  94       0.0338       0.9920       0.0733       0.9771
  95       0.0331       0.9922       0.0730       0.9769
  96       0.0325       0.9925       0.0727       0.9770
  97       0.0319       0.9927       0.0725       0.9771
  98       0.0313       0.9930       0.0722       0.9770
  99       0.0307       0.9931       0.0719       0.9775
 100       0.0301       0.9932       0.0717       0.9777
 101       0.0295       0.9935       0.0714       0.9778
 102       0.0289       0.9936       0.0712       0.9778
 103       0.0284       0.9939       0.0710       0.9778
 104       0.0279       0.9940       0.0708       0.9778
 105       0.0273       0.9942       0.0706       0.9781
 106       0.0268       0.9944       0.0704       0.9783
 107       0.0263       0.9945       0.0702       0.9782
 108       0.0258       0.9947       0.0700       0.9783
 109       0.0253       0.9949       0.0698       0.9783
 110       0.0248       0.9949       0.0696       0.9784
 111       0.0244       0.9951       0.0695       0.9783
 112       0.0239       0.9952       0.0693       0.9784
 113       0.0235       0.9954       0.0692       0.9786
 114       0.0230       0.9956       0.0690       0.9788
 115       0.0226       0.9957       0.0689       0.9788
 116       0.0222       0.9958       0.0687       0.9787
 117       0.0218       0.9959       0.0686       0.9789
 118       0.0213       0.9960       0.0685       0.9790
 119       0.0209       0.9962       0.0684       0.9790
 120       0.0206       0.9963       0.0683       0.9790
 121       0.0202       0.9964       0.0682       0.9791
 122       0.0198       0.9966       0.0681       0.9791
 123       0.0194       0.9967       0.0680       0.9790
 124       0.0191       0.9968       0.0679       0.9790
 125       0.0187       0.9969       0.0678       0.9790
 126       0.0184       0.9969       0.0677       0.9791
 127       0.0181       0.9971       0.0677       0.9792
 128       0.0177       0.9972       0.0676       0.9792
 129       0.0174       0.9973       0.0675       0.9792
 130       0.0171       0.9974       0.0675       0.9791
 131       0.0168       0.9975       0.0674       0.9791
 132       0.0165       0.9977       0.0674       0.9794
 133       0.0162       0.9977       0.0673       0.9794
 134       0.0159       0.9977       0.0673       0.9793
 135       0.0156       0.9978       0.0672       0.9791
 136       0.0153       0.9978       0.0672       0.9791
 137       0.0151       0.9979       0.0671       0.9792
 138       0.0148       0.9980       0.0671       0.9792
 139       0.0145       0.9980       0.0671       0.9793
 140       0.0143       0.9981       0.0671       0.9794
 141       0.0140       0.9981       0.0670       0.9794
 142       0.0138       0.9982       0.0670       0.9796
 143       0.0136       0.9983       0.0670       0.9796
 144       0.0133       0.9984       0.0670       0.9797
 145       0.0131       0.9984       0.0670       0.9798
 146       0.0129       0.9985       0.0670       0.9798
 147       0.0126       0.9986       0.0669       0.9798
 148       0.0124       0.9987       0.0669       0.9799
 149       0.0122       0.9988       0.0669       0.9799
 150       0.0120       0.9988       0.0669       0.9800
 151       0.0118       0.9988       0.0669       0.9800
 152       0.0116       0.9989       0.0669       0.9800
 153       0.0114       0.9989       0.0669       0.9799
 154       0.0112       0.9990       0.0670       0.9799
 155       0.0110       0.9990       0.0670       0.9800
 156       0.0109       0.9990       0.0670       0.9799
 157       0.0107       0.9990       0.0670       0.9799
 158       0.0105       0.9991       0.0670       0.9799
 159       0.0103       0.9991       0.0670       0.9800
 160       0.0102       0.9992       0.0670       0.9800
 161       0.0100       0.9992       0.0671       0.9799
 162       0.0098       0.9992       0.0671       0.9799
 163       0.0097       0.9992       0.0671       0.9799
 164       0.0095       0.9992       0.0672       0.9800
 165       0.0094       0.9992       0.0672       0.9800
 166       0.0092       0.9993       0.0672       0.9801
 167       0.0091       0.9993       0.0672       0.9801
 168       0.0089       0.9993       0.0673       0.9799
 169       0.0088       0.9993       0.0673       0.9798
 170       0.0087       0.9994       0.0673       0.9798
 171       0.0085       0.9994       0.0674       0.9796
 172       0.0084       0.9994       0.0674       0.9796
 173       0.0083       0.9994       0.0674       0.9797
 174       0.0081       0.9994       0.0675       0.9797
 175       0.0080       0.9994       0.0675       0.9796
 176       0.0079       0.9994       0.0676       0.9796
 177       0.0078       0.9994       0.0676       0.9796
 178       0.0076       0.9994       0.0677       0.9796
 179       0.0075       0.9994       0.0677       0.9796
 180       0.0074       0.9995       0.0677       0.9797
 181       0.0073       0.9995       0.0678       0.9799
 182       0.0072       0.9995       0.0679       0.9799
 183       0.0071       0.9995       0.0679       0.9798
 184       0.0070       0.9995       0.0680       0.9799
 185       0.0069       0.9995       0.0680       0.9799
 186       0.0068       0.9995       0.0681       0.9799
 187       0.0067       0.9996       0.0681       0.9799
 188       0.0066       0.9996       0.0682       0.9799
 189       0.0065       0.9996       0.0682       0.9800
 190       0.0064       0.9996       0.0683       0.9800
 191       0.0063       0.9996       0.0683       0.9802
 192       0.0062       0.9997       0.0684       0.9801
 193       0.0061       0.9997       0.0684       0.9800
 194       0.0060       0.9997       0.0685       0.9800
 195       0.0060       0.9997       0.0685       0.9800
 196       0.0059       0.9997       0.0686       0.9799
 197       0.0058       0.9998       0.0686       0.9797
 198       0.0057       0.9998       0.0687       0.9796
 199       0.0056       0.9998       0.0687       0.9796
 200       0.0056       0.9998       0.0687       0.9797
 201       0.0055       0.9998       0.0688       0.9797
 202       0.0054       0.9998       0.0688       0.9798
 203       0.0053       0.9998       0.0689       0.9799
 204       0.0053       0.9998       0.0689       0.9799
 205       0.0052       0.9998       0.0690       0.9799
 206       0.0051       0.9998       0.0690       0.9800
 207       0.0051       0.9998       0.0690       0.9800
 208       0.0050       0.9998       0.0691       0.9800
 209       0.0049       0.9998       0.0691       0.9800
 210       0.0049       0.9998       0.0691       0.9800
 211       0.0048       0.9998       0.0692       0.9800
 212       0.0048       0.9998       0.0692       0.9799
 213       0.0047       0.9998       0.0693       0.9799
 214       0.0046       0.9998       0.0693       0.9800
 215       0.0046       0.9999       0.0693       0.9800
 216       0.0045       0.9999       0.0694       0.9800
 217       0.0045       0.9999       0.0694       0.9800
 218       0.0044       0.9999       0.0694       0.9800
 219       0.0044       0.9999       0.0695       0.9800
 220       0.0043       0.9999       0.0695       0.9800
 221       0.0043       0.9999       0.0695       0.9800
 222       0.0042       0.9999       0.0696       0.9800
 223       0.0042       0.9999       0.0696       0.9800
 224       0.0041       0.9999       0.0696       0.9800
 225       0.0041       0.9999       0.0697       0.9800
 226       0.0040       0.9999       0.0697       0.9800
 227       0.0040       0.9999       0.0698       0.9800
 228       0.0040       0.9999       0.0698       0.9801
 229       0.0039       0.9999       0.0698       0.9801
 230       0.0039       0.9999       0.0699       0.9801
 231       0.0038       0.9999       0.0699       0.9801
 232       0.0038       0.9999       0.0699       0.9801
 233       0.0037       0.9999       0.0700       0.9801
 234       0.0037       0.9999       0.0700       0.9801
 235       0.0037       0.9999       0.0700       0.9802
 236       0.0036       0.9999       0.0701       0.9802
 237       0.0036       0.9999       0.0701       0.9802
 238       0.0036       0.9999       0.0701       0.9803
 239       0.0035       0.9999       0.0702       0.9803
 240       0.0035       0.9999       0.0702       0.9803
 241       0.0034       0.9999       0.0703       0.9803
 242       0.0034       0.9999       0.0703       0.9803
 243       0.0034       0.9999       0.0703       0.9803
 244       0.0033       0.9999       0.0704       0.9804
 245       0.0033       0.9999       0.0704       0.9804
 246       0.0033       0.9999       0.0704       0.9805
 247       0.0032       0.9999       0.0705       0.9804
 248       0.0032       0.9999       0.0705       0.9805
 249       0.0032       0.9999       0.0705       0.9806
 250       0.0032       0.9999       0.0706       0.9804
 251       0.0031       0.9999       0.0706       0.9806
 252       0.0031       0.9999       0.0706       0.9806
 253       0.0031       0.9999       0.0707       0.9806
 254       0.0030       1.0000       0.0707       0.9806
 255       0.0030       1.0000       0.0707       0.9807
 256       0.0030       1.0000       0.0708       0.9807
 257       0.0030       1.0000       0.0708       0.9807
 258       0.0029       1.0000       0.0708       0.9807
 259       0.0029       1.0000       0.0709       0.9807
 260       0.0029       1.0000       0.0709       0.9807
 261       0.0028       1.0000       0.0710       0.9807
 262       0.0028       1.0000       0.0710       0.9807
 263       0.0028       1.0000       0.0710       0.9807
 264       0.0028       1.0000       0.0711       0.9807
 265       0.0028       1.0000       0.0711       0.9807
 266       0.0027       1.0000       0.0711       0.9807
 267       0.0027       1.0000       0.0712       0.9807
 268       0.0027       1.0000       0.0712       0.9807
 269       0.0027       1.0000       0.0712       0.9808
 270       0.0026       1.0000       0.0713       0.9808
 271       0.0026       1.0000       0.0713       0.9808
 272       0.0026       1.0000       0.0713       0.9808
 273       0.0026       1.0000       0.0714       0.9808
 274       0.0025       1.0000       0.0714       0.9808
 275       0.0025       1.0000       0.0714       0.9808
 276       0.0025       1.0000       0.0715       0.9808
 277       0.0025       1.0000       0.0715       0.9808
 278       0.0025       1.0000       0.0715       0.9808
 279       0.0024       1.0000       0.0715       0.9808
 280       0.0024       1.0000       0.0716       0.9808
 281       0.0024       1.0000       0.0716       0.9808
 282       0.0024       1.0000       0.0716       0.9808
 283       0.0024       1.0000       0.0717       0.9808
 284       0.0024       1.0000       0.0717       0.9808
 285       0.0023       1.0000       0.0717       0.9808
 286       0.0023       1.0000       0.0718       0.9808
 287       0.0023       1.0000       0.0718       0.9808
 288       0.0023       1.0000       0.0718       0.9808
 289       0.0023       1.0000       0.0719       0.9808
 290       0.0022       1.0000       0.0719       0.9808
 291       0.0022       1.0000       0.0719       0.9808
 292       0.0022       1.0000       0.0720       0.9808
 293       0.0022       1.0000       0.0720       0.9808
 294       0.0022       1.0000       0.0720       0.9808
 295       0.0022       1.0000       0.0721       0.9808
 296       0.0021       1.0000       0.0721       0.9808
 297       0.0021       1.0000       0.0721       0.9808
 298       0.0021       1.0000       0.0722       0.9808
 299       0.0021       1.0000       0.0722       0.9809
 300       0.0021       1.0000       0.0722       0.9808
 301       0.0021       1.0000       0.0722       0.9808
 302       0.0021       1.0000       0.0723       0.9809
 303       0.0020       1.0000       0.0723       0.9809
 304       0.0020       1.0000       0.0723       0.9808
 305       0.0020       1.0000       0.0724       0.9809
 306       0.0020       1.0000       0.0724       0.9810
 307       0.0020       1.0000       0.0724       0.9810
 308       0.0020       1.0000       0.0725       0.9810
 309       0.0020       1.0000       0.0725       0.9809
 310       0.0019       1.0000       0.0725       0.9810
 311       0.0019       1.0000       0.0725       0.9809
 312       0.0019       1.0000       0.0726       0.9809
 313       0.0019       1.0000       0.0726       0.9809
 314       0.0019       1.0000       0.0726       0.9809
 315       0.0019       1.0000       0.0727       0.9809
 316       0.0019       1.0000       0.0727       0.9809
 317       0.0019       1.0000       0.0727       0.9809
 318       0.0018       1.0000       0.0727       0.9809
 319       0.0018       1.0000       0.0728       0.9809
 320       0.0018       1.0000       0.0728       0.9809
 321       0.0018       1.0000       0.0728       0.9809
 322       0.0018       1.0000       0.0729       0.9809
 323       0.0018       1.0000       0.0729       0.9809
 324       0.0018       1.0000       0.0729       0.9809
 325       0.0018       1.0000       0.0729       0.9809
 326       0.0018       1.0000       0.0730       0.9809
 327       0.0017       1.0000       0.0730       0.9809
 328       0.0017       1.0000       0.0730       0.9809
 329       0.0017       1.0000       0.0731       0.9809
 330       0.0017       1.0000       0.0731       0.9809
 331       0.0017       1.0000       0.0731       0.9809
 332       0.0017       1.0000       0.0731       0.9809
 333       0.0017       1.0000       0.0732       0.9809
 334       0.0017       1.0000       0.0732       0.9809
 335       0.0017       1.0000       0.0732       0.9809
 336       0.0016       1.0000       0.0733       0.9809
 337       0.0016       1.0000       0.0733       0.9809
 338       0.0016       1.0000       0.0733       0.9809
 339       0.0016       1.0000       0.0733       0.9809
 340       0.0016       1.0000       0.0734       0.9809
 341       0.0016       1.0000       0.0734       0.9809
 342       0.0016       1.0000       0.0734       0.9809
 343       0.0016       1.0000       0.0734       0.9809
 344       0.0016       1.0000       0.0735       0.9809
 345       0.0016       1.0000       0.0735       0.9809
 346       0.0016       1.0000       0.0735       0.9809
 347       0.0015       1.0000       0.0735       0.9809
 348       0.0015       1.0000       0.0736       0.9809
 349       0.0015       1.0000       0.0736       0.9809
 350       0.0015       1.0000       0.0736       0.9809
 351       0.0015       1.0000       0.0737       0.9809
 352       0.0015       1.0000       0.0737       0.9808
 353       0.0015       1.0000       0.0737       0.9809
 354       0.0015       1.0000       0.0737       0.9808
 355       0.0015       1.0000       0.0738       0.9809
 356       0.0015       1.0000       0.0738       0.9810
 357       0.0015       1.0000       0.0738       0.9810
 358       0.0015       1.0000       0.0739       0.9810
 359       0.0014       1.0000       0.0739       0.9810
 360       0.0014       1.0000       0.0739       0.9810
 361       0.0014       1.0000       0.0739       0.9810
 362       0.0014       1.0000       0.0740       0.9810
 363       0.0014       1.0000       0.0740       0.9810
 364       0.0014       1.0000       0.0740       0.9810
 365       0.0014       1.0000       0.0740       0.9810
 366       0.0014       1.0000       0.0740       0.9810
 367       0.0014       1.0000       0.0741       0.9810
 368       0.0014       1.0000       0.0741       0.9810
 369       0.0014       1.0000       0.0741       0.9810
 370       0.0014       1.0000       0.0741       0.9810
 371       0.0014       1.0000       0.0742       0.9810
 372       0.0013       1.0000       0.0742       0.9810
 373       0.0013       1.0000       0.0742       0.9810
 374       0.0013       1.0000       0.0743       0.9810
 375       0.0013       1.0000       0.0743       0.9810
 376       0.0013       1.0000       0.0743       0.9810
 377       0.0013       1.0000       0.0743       0.9810
 378       0.0013       1.0000       0.0743       0.9810
 379       0.0013       1.0000       0.0744       0.9810
 380       0.0013       1.0000       0.0744       0.9810
 381       0.0013       1.0000       0.0744       0.9810
 382       0.0013       1.0000       0.0745       0.9810
 383       0.0013       1.0000       0.0745       0.9810
 384       0.0013       1.0000       0.0745       0.9810
 385       0.0013       1.0000       0.0745       0.9810
 386       0.0013       1.0000       0.0745       0.9810
 387       0.0013       1.0000       0.0746       0.9810
 388       0.0012       1.0000       0.0746       0.9810
 389       0.0012       1.0000       0.0746       0.9810
 390       0.0012       1.0000       0.0746       0.9810
 391       0.0012       1.0000       0.0747       0.9810
 392       0.0012       1.0000       0.0747       0.9810
 393       0.0012       1.0000       0.0747       0.9810
 394       0.0012       1.0000       0.0747       0.9810
 395       0.0012       1.0000       0.0748       0.9810
 396       0.0012       1.0000       0.0748       0.9810
 397       0.0012       1.0000       0.0748       0.9810
 398       0.0012       1.0000       0.0748       0.9810
 399       0.0012       1.0000       0.0749       0.9810
 400       0.0012       1.0000       0.0749       0.9810
 401       0.0012       1.0000       0.0749       0.9810
 402       0.0012       1.0000       0.0749       0.9810
 403       0.0012       1.0000       0.0750       0.9810
 404       0.0012       1.0000       0.0750       0.9810
 405       0.0011       1.0000       0.0750       0.9810
 406       0.0011       1.0000       0.0750       0.9810
 407       0.0011       1.0000       0.0750       0.9810
 408       0.0011       1.0000       0.0751       0.9810
 409       0.0011       1.0000       0.0751       0.9810
 410       0.0011       1.0000       0.0751       0.9810
 411       0.0011       1.0000       0.0751       0.9810
 412       0.0011       1.0000       0.0752       0.9810
 413       0.0011       1.0000       0.0752       0.9810
 414       0.0011       1.0000       0.0752       0.9810
 415       0.0011       1.0000       0.0752       0.9810
 416       0.0011       1.0000       0.0752       0.9810
 417       0.0011       1.0000       0.0753       0.9810
 418       0.0011       1.0000       0.0753       0.9810
 419       0.0011       1.0000       0.0753       0.9810
 420       0.0011       1.0000       0.0753       0.9810
 421       0.0011       1.0000       0.0754       0.9810
 422       0.0011       1.0000       0.0754       0.9810
 423       0.0011       1.0000       0.0754       0.9811
 424       0.0011       1.0000       0.0754       0.9810
 425       0.0011       1.0000       0.0754       0.9811
 426       0.0010       1.0000       0.0755       0.9811
 427       0.0010       1.0000       0.0755       0.9810
 428       0.0010       1.0000       0.0755       0.9811
 429       0.0010       1.0000       0.0755       0.9811
 430       0.0010       1.0000       0.0755       0.9811
 431       0.0010       1.0000       0.0756       0.9811
 432       0.0010       1.0000       0.0756       0.9811
 433       0.0010       1.0000       0.0756       0.9811
 434       0.0010       1.0000       0.0756       0.9811
 435       0.0010       1.0000       0.0757       0.9811
 436       0.0010       1.0000       0.0757       0.9811
 437       0.0010       1.0000       0.0757       0.9811
 438       0.0010       1.0000       0.0757       0.9811
 439       0.0010       1.0000       0.0757       0.9811
 440       0.0010       1.0000       0.0758       0.9811
 441       0.0010       1.0000       0.0758       0.9810
 442       0.0010       1.0000       0.0758       0.9810
 443       0.0010       1.0000       0.0758       0.9810
 444       0.0010       1.0000       0.0758       0.9810
 445       0.0010       1.0000       0.0759       0.9810
 446       0.0010       1.0000       0.0759       0.9810
 447       0.0010       1.0000       0.0759       0.9810
 448       0.0010       1.0000       0.0759       0.9810
 449       0.0010       1.0000       0.0760       0.9810
 450       0.0009       1.0000       0.0760       0.9810
 451       0.0009       1.0000       0.0760       0.9810
 452       0.0009       1.0000       0.0760       0.9810
 453       0.0009       1.0000       0.0760       0.9810
 454       0.0009       1.0000       0.0760       0.9810
 455       0.0009       1.0000       0.0761       0.9810
 456       0.0009       1.0000       0.0761       0.9811
 457       0.0009       1.0000       0.0761       0.9810
 458       0.0009       1.0000       0.0761       0.9810
 459       0.0009       1.0000       0.0762       0.9810
 460       0.0009       1.0000       0.0762       0.9811
 461       0.0009       1.0000       0.0762       0.9811
 462       0.0009       1.0000       0.0762       0.9811
 463       0.0009       1.0000       0.0762       0.9811
 464       0.0009       1.0000       0.0763       0.9811
 465       0.0009       1.0000       0.0763       0.9811
 466       0.0009       1.0000       0.0763       0.9811
 467       0.0009       1.0000       0.0763       0.9811
 468       0.0009       1.0000       0.0763       0.9811
 469       0.0009       1.0000       0.0764       0.9811
 470       0.0009       1.0000       0.0764       0.9811
 471       0.0009       1.0000       0.0764       0.9811
 472       0.0009       1.0000       0.0764       0.9811
 473       0.0009       1.0000       0.0764       0.9811
 474       0.0009       1.0000       0.0765       0.9811
 475       0.0009       1.0000       0.0765       0.9811
 476       0.0009       1.0000       0.0765       0.9811
 477       0.0009       1.0000       0.0765       0.9811
 478       0.0009       1.0000       0.0765       0.9811
 479       0.0008       1.0000       0.0765       0.9811
 480       0.0008       1.0000       0.0766       0.9812
 481       0.0008       1.0000       0.0766       0.9812
 482       0.0008       1.0000       0.0766       0.9812
 483       0.0008       1.0000       0.0766       0.9812
 484       0.0008       1.0000       0.0766       0.9812
 485       0.0008       1.0000       0.0767       0.9812
 486       0.0008       1.0000       0.0767       0.9812
 487       0.0008       1.0000       0.0767       0.9812
 488       0.0008       1.0000       0.0767       0.9812
 489       0.0008       1.0000       0.0767       0.9812
 490       0.0008       1.0000       0.0768       0.9812
 491       0.0008       1.0000       0.0768       0.9812
 492       0.0008       1.0000       0.0768       0.9812
 493       0.0008       1.0000       0.0768       0.9812
 494       0.0008       1.0000       0.0768       0.9812
 495       0.0008       1.0000       0.0768       0.9812
 496       0.0008       1.0000       0.0769       0.9812
 497       0.0008       1.0000       0.0769       0.9812
 498       0.0008       1.0000       0.0769       0.9812
 499       0.0008       1.0000       0.0769       0.9812
 500       0.0008       1.0000       0.0769       0.9812
 501       0.0008       1.0000       0.0769       0.9812
 502       0.0008       1.0000       0.0770       0.9812
 503       0.0008       1.0000       0.0770       0.9812
 504       0.0008       1.0000       0.0770       0.9812
 505       0.0008       1.0000       0.0770       0.9812
 506       0.0008       1.0000       0.0771       0.9812
 507       0.0008       1.0000       0.0771       0.9812
 508       0.0008       1.0000       0.0771       0.9812
 509       0.0008       1.0000       0.0771       0.9812
 510       0.0008       1.0000       0.0771       0.9812
 511       0.0008       1.0000       0.0771       0.9812
 512       0.0008       1.0000       0.0772       0.9812
 513       0.0008       1.0000       0.0772       0.9812
 514       0.0008       1.0000       0.0772       0.9812
 515       0.0007       1.0000       0.0772       0.9812
 516       0.0007       1.0000       0.0772       0.9812
 517       0.0007       1.0000       0.0773       0.9813
 518       0.0007       1.0000       0.0773       0.9812
 519       0.0007       1.0000       0.0773       0.9813
 520       0.0007       1.0000       0.0773       0.9813
 521       0.0007       1.0000       0.0773       0.9812
 522       0.0007       1.0000       0.0773       0.9813
 523       0.0007       1.0000       0.0774       0.9813
 524       0.0007       1.0000       0.0774       0.9813
 525       0.0007       1.0000       0.0774       0.9813
 526       0.0007       1.0000       0.0774       0.9813
 527       0.0007       1.0000       0.0774       0.9813
 528       0.0007       1.0000       0.0774       0.9813
 529       0.0007       1.0000       0.0775       0.9813
 530       0.0007       1.0000       0.0775       0.9813
 531       0.0007       1.0000       0.0775       0.9813
 532       0.0007       1.0000       0.0775       0.9813
 533       0.0007       1.0000       0.0775       0.9813
 534       0.0007       1.0000       0.0775       0.9813
 535       0.0007       1.0000       0.0776       0.9813
 536       0.0007       1.0000       0.0776       0.9813
 537       0.0007       1.0000       0.0776       0.9813
 538       0.0007       1.0000       0.0776       0.9813
 539       0.0007       1.0000       0.0776       0.9813
 540       0.0007       1.0000       0.0776       0.9813
 541       0.0007       1.0000       0.0777       0.9813
 542       0.0007       1.0000       0.0777       0.9813
 543       0.0007       1.0000       0.0777       0.9813
 544       0.0007       1.0000       0.0777       0.9813
 545       0.0007       1.0000       0.0777       0.9813
 546       0.0007       1.0000       0.0777       0.9813
 547       0.0007       1.0000       0.0778       0.9813
 548       0.0007       1.0000       0.0778       0.9813
 549       0.0007       1.0000       0.0778       0.9813
 550       0.0007       1.0000       0.0778       0.9813
 551       0.0007       1.0000       0.0778       0.9813
 552       0.0007       1.0000       0.0778       0.9813
 553       0.0007       1.0000       0.0779       0.9813
 554       0.0007       1.0000       0.0779       0.9813
 555       0.0007       1.0000       0.0779       0.9813
 556       0.0007       1.0000       0.0779       0.9813
 557       0.0007       1.0000       0.0779       0.9813
 558       0.0007       1.0000       0.0779       0.9813
 559       0.0007       1.0000       0.0779       0.9813
 560       0.0007       1.0000       0.0780       0.9813
 561       0.0006       1.0000       0.0780       0.9813
 562       0.0006       1.0000       0.0780       0.9813
 563       0.0006       1.0000       0.0780       0.9814
 564       0.0006       1.0000       0.0780       0.9813
 565       0.0006       1.0000       0.0781       0.9813
 566       0.0006       1.0000       0.0781       0.9814
 567       0.0006       1.0000       0.0781       0.9814
 568       0.0006       1.0000       0.0781       0.9814
 569       0.0006       1.0000       0.0781       0.9813
 570       0.0006       1.0000       0.0781       0.9813
 571       0.0006       1.0000       0.0782       0.9814
 572       0.0006       1.0000       0.0782       0.9814
 573       0.0006       1.0000       0.0782       0.9814
 574       0.0006       1.0000       0.0782       0.9814
 575       0.0006       1.0000       0.0782       0.9814
 576       0.0006       1.0000       0.0782       0.9814
 577       0.0006       1.0000       0.0782       0.9814
 578       0.0006       1.0000       0.0782       0.9814
 579       0.0006       1.0000       0.0783       0.9814
 580       0.0006       1.0000       0.0783       0.9814
 581       0.0006       1.0000       0.0783       0.9814
 582       0.0006       1.0000       0.0783       0.9814
 583       0.0006       1.0000       0.0783       0.9814
 584       0.0006       1.0000       0.0783       0.9814
 585       0.0006       1.0000       0.0784       0.9813
 586       0.0006       1.0000       0.0784       0.9813
 587       0.0006       1.0000       0.0784       0.9814
 588       0.0006       1.0000       0.0784       0.9813
 589       0.0006       1.0000       0.0784       0.9813
 590       0.0006       1.0000       0.0784       0.9814
 591       0.0006       1.0000       0.0785       0.9813
 592       0.0006       1.0000       0.0785       0.9814
 593       0.0006       1.0000       0.0785       0.9813
 594       0.0006       1.0000       0.0785       0.9813
 595       0.0006       1.0000       0.0785       0.9814
 596       0.0006       1.0000       0.0785       0.9814
 597       0.0006       1.0000       0.0785       0.9814
 598       0.0006       1.0000       0.0786       0.9813
 599       0.0006       1.0000       0.0786       0.9813
 600       0.0006       1.0000       0.0786       0.9813
 601       0.0006       1.0000       0.0786       0.9813
 602       0.0006       1.0000       0.0786       0.9813
 603       0.0006       1.0000       0.0786       0.9813
 604       0.0006       1.0000       0.0787       0.9813
 605       0.0006       1.0000       0.0787       0.9813
 606       0.0006       1.0000       0.0787       0.9814
 607       0.0006       1.0000       0.0787       0.9813
 608       0.0006       1.0000       0.0787       0.9813
 609       0.0006       1.0000       0.0787       0.9813
 610       0.0006       1.0000       0.0787       0.9813
 611       0.0006       1.0000       0.0788       0.9813
 612       0.0006       1.0000       0.0788       0.9813
 613       0.0006       1.0000       0.0788       0.9813
 614       0.0006       1.0000       0.0788       0.9813
 615       0.0006       1.0000       0.0788       0.9813
 616       0.0006       1.0000       0.0788       0.9813
 617       0.0006       1.0000       0.0788       0.9813
 618       0.0006       1.0000       0.0789       0.9813
 619       0.0006       1.0000       0.0789       0.9813
 620       0.0006       1.0000       0.0789       0.9813
 621       0.0006       1.0000       0.0789       0.9813
 622       0.0005       1.0000       0.0789       0.9813
 623       0.0005       1.0000       0.0789       0.9813
 624       0.0005       1.0000       0.0789       0.9812
 625       0.0005       1.0000       0.0790       0.9813
 626       0.0005       1.0000       0.0790       0.9813
 627       0.0005       1.0000       0.0790       0.9813
 628       0.0005       1.0000       0.0790       0.9813
 629       0.0005       1.0000       0.0790       0.9812
 630       0.0005       1.0000       0.0790       0.9812
 631       0.0005       1.0000       0.0790       0.9813
 632       0.0005       1.0000       0.0791       0.9812
 633       0.0005       1.0000       0.0791       0.9812
 634       0.0005       1.0000       0.0791       0.9812
 635       0.0005       1.0000       0.0791       0.9813
 636       0.0005       1.0000       0.0791       0.9813
 637       0.0005       1.0000       0.0791       0.9812
 638       0.0005       1.0000       0.0791       0.9812
 639       0.0005       1.0000       0.0792       0.9812
 640       0.0005       1.0000       0.0792       0.9812
 641       0.0005       1.0000       0.0792       0.9812
 642       0.0005       1.0000       0.0792       0.9812
 643       0.0005       1.0000       0.0792       0.9812
 644       0.0005       1.0000       0.0792       0.9812
 645       0.0005       1.0000       0.0792       0.9812
 646       0.0005       1.0000       0.0793       0.9812
 647       0.0005       1.0000       0.0793       0.9812
 648       0.0005       1.0000       0.0793       0.9812
 649       0.0005       1.0000       0.0793       0.9812
 650       0.0005       1.0000       0.0793       0.9812
 651       0.0005       1.0000       0.0793       0.9812
 652       0.0005       1.0000       0.0793       0.9812
 653       0.0005       1.0000       0.0793       0.9812
 654       0.0005       1.0000       0.0794       0.9812
 655       0.0005       1.0000       0.0794       0.9812
 656       0.0005       1.0000       0.0794       0.9812
 657       0.0005       1.0000       0.0794       0.9812
 658       0.0005       1.0000       0.0794       0.9812
 659       0.0005       1.0000       0.0794       0.9812
 660       0.0005       1.0000       0.0794       0.9812
 661       0.0005       1.0000       0.0795       0.9812
 662       0.0005       1.0000       0.0795       0.9812
 663       0.0005       1.0000       0.0795       0.9812
 664       0.0005       1.0000       0.0795       0.9812
 665       0.0005       1.0000       0.0795       0.9812
 666       0.0005       1.0000       0.0795       0.9812
 667       0.0005       1.0000       0.0795       0.9812
 668       0.0005       1.0000       0.0795       0.9812
 669       0.0005       1.0000       0.0796       0.9812
 670       0.0005       1.0000       0.0796       0.9812
 671       0.0005       1.0000       0.0796       0.9812
 672       0.0005       1.0000       0.0796       0.9812
 673       0.0005       1.0000       0.0796       0.9812
 674       0.0005       1.0000       0.0796       0.9812
 675       0.0005       1.0000       0.0796       0.9813
 676       0.0005       1.0000       0.0797       0.9812
 677       0.0005       1.0000       0.0797       0.9812
 678       0.0005       1.0000       0.0797       0.9812
 679       0.0005       1.0000       0.0797       0.9812
 680       0.0005       1.0000       0.0797       0.9812
 681       0.0005       1.0000       0.0797       0.9812
 682       0.0005       1.0000       0.0797       0.9812
 683       0.0005       1.0000       0.0797       0.9812
 684       0.0005       1.0000       0.0797       0.9813
 685       0.0005       1.0000       0.0798       0.9813
 686       0.0005       1.0000       0.0798       0.9813
 687       0.0005       1.0000       0.0798       0.9813
 688       0.0005       1.0000       0.0798       0.9812
 689       0.0005       1.0000       0.0798       0.9813
 690       0.0005       1.0000       0.0798       0.9813
 691       0.0005       1.0000       0.0798       0.9813
 692       0.0005       1.0000       0.0798       0.9813
 693       0.0005       1.0000       0.0799       0.9812
 694       0.0005       1.0000       0.0799       0.9812
 695       0.0005       1.0000       0.0799       0.9813
 696       0.0005       1.0000       0.0799       0.9812
 697       0.0005       1.0000       0.0799       0.9812
 698       0.0005       1.0000       0.0799       0.9811
 699       0.0005       1.0000       0.0799       0.9812
 700       0.0005       1.0000       0.0799       0.9812
 701       0.0005       1.0000       0.0800       0.9812
 702       0.0005       1.0000       0.0800       0.9812
 703       0.0005       1.0000       0.0800       0.9812
 704       0.0005       1.0000       0.0800       0.9812
 705       0.0005       1.0000       0.0800       0.9812
 706       0.0004       1.0000       0.0800       0.9812
 707       0.0004       1.0000       0.0800       0.9812
 708       0.0004       1.0000       0.0800       0.9812
 709       0.0004       1.0000       0.0800       0.9812
 710       0.0004       1.0000       0.0801       0.9812
 711       0.0004       1.0000       0.0801       0.9812
 712       0.0004       1.0000       0.0801       0.9812
 713       0.0004       1.0000       0.0801       0.9812
 714       0.0004       1.0000       0.0801       0.9812
 715       0.0004       1.0000       0.0801       0.9812
 716       0.0004       1.0000       0.0801       0.9812
 717       0.0004       1.0000       0.0802       0.9812
 718       0.0004       1.0000       0.0802       0.9812
 719       0.0004       1.0000       0.0802       0.9812
 720       0.0004       1.0000       0.0802       0.9812
 721       0.0004       1.0000       0.0802       0.9812
 722       0.0004       1.0000       0.0802       0.9812
 723       0.0004       1.0000       0.0802       0.9812
 724       0.0004       1.0000       0.0802       0.9813
 725       0.0004       1.0000       0.0802       0.9812
 726       0.0004       1.0000       0.0803       0.9812
 727       0.0004       1.0000       0.0803       0.9812
 728       0.0004       1.0000       0.0803       0.9812
 729       0.0004       1.0000       0.0803       0.9813
 730       0.0004       1.0000       0.0803       0.9813
 731       0.0004       1.0000       0.0803       0.9812
 732       0.0004       1.0000       0.0803       0.9812
 733       0.0004       1.0000       0.0804       0.9813
 734       0.0004       1.0000       0.0804       0.9813
 735       0.0004       1.0000       0.0804       0.9813
 736       0.0004       1.0000       0.0804       0.9813
 737       0.0004       1.0000       0.0804       0.9813
 738       0.0004       1.0000       0.0804       0.9813
 739       0.0004       1.0000       0.0804       0.9813
 740       0.0004       1.0000       0.0804       0.9813
 741       0.0004       1.0000       0.0804       0.9813
 742       0.0004       1.0000       0.0805       0.9813
 743       0.0004       1.0000       0.0805       0.9813
 744       0.0004       1.0000       0.0805       0.9813
 745       0.0004       1.0000       0.0805       0.9813
 746       0.0004       1.0000       0.0805       0.9813
 747       0.0004       1.0000       0.0805       0.9813
 748       0.0004       1.0000       0.0805       0.9813
 749       0.0004       1.0000       0.0805       0.9813
 750       0.0004       1.0000       0.0806       0.9813
 751       0.0004       1.0000       0.0806       0.9813
 752       0.0004       1.0000       0.0806       0.9813
 753       0.0004       1.0000       0.0806       0.9813
 754       0.0004       1.0000       0.0806       0.9813
 755       0.0004       1.0000       0.0806       0.9813
 756       0.0004       1.0000       0.0806       0.9813
 757       0.0004       1.0000       0.0806       0.9814
 758       0.0004       1.0000       0.0806       0.9813
 759       0.0004       1.0000       0.0807       0.9813
 760       0.0004       1.0000       0.0807       0.9813
 761       0.0004       1.0000       0.0807       0.9814
 762       0.0004       1.0000       0.0807       0.9814
 763       0.0004       1.0000       0.0807       0.9814
 764       0.0004       1.0000       0.0807       0.9814
 765       0.0004       1.0000       0.0807       0.9814
 766       0.0004       1.0000       0.0807       0.9814
 767       0.0004       1.0000       0.0807       0.9814
 768       0.0004       1.0000       0.0807       0.9814
 769       0.0004       1.0000       0.0808       0.9814
 770       0.0004       1.0000       0.0808       0.9814
 771       0.0004       1.0000       0.0808       0.9814
 772       0.0004       1.0000       0.0808       0.9814
 773       0.0004       1.0000       0.0808       0.9814
 774       0.0004       1.0000       0.0808       0.9814
 775       0.0004       1.0000       0.0808       0.9814
 776       0.0004       1.0000       0.0808       0.9814
 777       0.0004       1.0000       0.0809       0.9814
 778       0.0004       1.0000       0.0808       0.9814
 779       0.0004       1.0000       0.0809       0.9814
 780       0.0004       1.0000       0.0809       0.9814
 781       0.0004       1.0000       0.0809       0.9814
 782       0.0004       1.0000       0.0809       0.9814
 783       0.0004       1.0000       0.0809       0.9814
 784       0.0004       1.0000       0.0809       0.9814
 785       0.0004       1.0000       0.0809       0.9814
 786       0.0004       1.0000       0.0810       0.9814
 787       0.0004       1.0000       0.0810       0.9815
 788       0.0004       1.0000       0.0810       0.9815
 789       0.0004       1.0000       0.0810       0.9814
 790       0.0004       1.0000       0.0810       0.9814
 791       0.0004       1.0000       0.0810       0.9815
 792       0.0004       1.0000       0.0810       0.9814
 793       0.0004       1.0000       0.0810       0.9815
 794       0.0004       1.0000       0.0810       0.9814
 795       0.0004       1.0000       0.0811       0.9815
 796       0.0004       1.0000       0.0811       0.9815
 797       0.0004       1.0000       0.0811       0.9815
 798       0.0004       1.0000       0.0811       0.9815
 799       0.0004       1.0000       0.0811       0.9814
 800       0.0004       1.0000       0.0811       0.9815
 801       0.0004       1.0000       0.0811       0.9815
 802       0.0004       1.0000       0.0811       0.9815
 803       0.0004       1.0000       0.0811       0.9815
 804       0.0004       1.0000       0.0812       0.9815
 805       0.0004       1.0000       0.0812       0.9815
 806       0.0004       1.0000       0.0812       0.9815
 807       0.0004       1.0000       0.0812       0.9815
 808       0.0004       1.0000       0.0812       0.9815
 809       0.0004       1.0000       0.0812       0.9815
 810       0.0004       1.0000       0.0812       0.9815
 811       0.0004       1.0000       0.0812       0.9815
 812       0.0004       1.0000       0.0812       0.9815
 813       0.0004       1.0000       0.0812       0.9815
 814       0.0004       1.0000       0.0813       0.9815
 815       0.0004       1.0000       0.0813       0.9815
 816       0.0004       1.0000       0.0813       0.9815
 817       0.0004       1.0000       0.0813       0.9815
 818       0.0004       1.0000       0.0813       0.9815
 819       0.0004       1.0000       0.0813       0.9815
 820       0.0004       1.0000       0.0813       0.9815
 821       0.0004       1.0000       0.0813       0.9815
 822       0.0004       1.0000       0.0813       0.9815
 823       0.0004       1.0000       0.0813       0.9815
 824       0.0004       1.0000       0.0814       0.9815
 825       0.0004       1.0000       0.0814       0.9814
 826       0.0004       1.0000       0.0814       0.9814
 827       0.0004       1.0000       0.0814       0.9815
 828       0.0004       1.0000       0.0814       0.9815
 829       0.0004       1.0000       0.0814       0.9814
 830       0.0004       1.0000       0.0814       0.9815
 831       0.0004       1.0000       0.0814       0.9815
 832       0.0003       1.0000       0.0814       0.9815
 833       0.0003       1.0000       0.0815       0.9814
 834       0.0003       1.0000       0.0815       0.9815
 835       0.0003       1.0000       0.0815       0.9814
 836       0.0003       1.0000       0.0815       0.9815
 837       0.0003       1.0000       0.0815       0.9815
 838       0.0003       1.0000       0.0815       0.9815
 839       0.0003       1.0000       0.0815       0.9814
 840       0.0003       1.0000       0.0815       0.9814
 841       0.0003       1.0000       0.0815       0.9815
 842       0.0003       1.0000       0.0815       0.9815
 843       0.0003       1.0000       0.0815       0.9814
 844       0.0003       1.0000       0.0816       0.9814
 845       0.0003       1.0000       0.0816       0.9814
 846       0.0003       1.0000       0.0816       0.9814
 847       0.0003       1.0000       0.0816       0.9814
 848       0.0003       1.0000       0.0816       0.9814
 849       0.0003       1.0000       0.0816       0.9814
 850       0.0003       1.0000       0.0816       0.9814
 851       0.0003       1.0000       0.0816       0.9814
 852       0.0003       1.0000       0.0816       0.9814
 853       0.0003       1.0000       0.0816       0.9814
 854       0.0003       1.0000       0.0817       0.9814
 855       0.0003       1.0000       0.0817       0.9814
 856       0.0003       1.0000       0.0817       0.9814
 857       0.0003       1.0000       0.0817       0.9814
 858       0.0003       1.0000       0.0817       0.9814
 859       0.0003       1.0000       0.0817       0.9814
 860       0.0003       1.0000       0.0817       0.9814
 861       0.0003       1.0000       0.0817       0.9814
 862       0.0003       1.0000       0.0817       0.9814
 863       0.0003       1.0000       0.0818       0.9814
 864       0.0003       1.0000       0.0818       0.9814
 865       0.0003       1.0000       0.0818       0.9814
 866       0.0003       1.0000       0.0818       0.9814
 867       0.0003       1.0000       0.0818       0.9814
 868       0.0003       1.0000       0.0818       0.9814
 869       0.0003       1.0000       0.0818       0.9814
 870       0.0003       1.0000       0.0818       0.9814
 871       0.0003       1.0000       0.0818       0.9814
 872       0.0003       1.0000       0.0818       0.9814
 873       0.0003       1.0000       0.0818       0.9814
 874       0.0003       1.0000       0.0818       0.9814
 875       0.0003       1.0000       0.0819       0.9814
 876       0.0003       1.0000       0.0819       0.9814
 877       0.0003       1.0000       0.0819       0.9814
 878       0.0003       1.0000       0.0819       0.9814
 879       0.0003       1.0000       0.0819       0.9814
 880       0.0003       1.0000       0.0819       0.9814
 881       0.0003       1.0000       0.0819       0.9814
 882       0.0003       1.0000       0.0819       0.9814
 883       0.0003       1.0000       0.0819       0.9814
 884       0.0003       1.0000       0.0820       0.9814
 885       0.0003       1.0000       0.0820       0.9814
 886       0.0003       1.0000       0.0820       0.9814
 887       0.0003       1.0000       0.0820       0.9814
 888       0.0003       1.0000       0.0820       0.9814
 889       0.0003       1.0000       0.0820       0.9814
 890       0.0003       1.0000       0.0820       0.9814
 891       0.0003       1.0000       0.0820       0.9814
 892       0.0003       1.0000       0.0820       0.9814
 893       0.0003       1.0000       0.0820       0.9814
 894       0.0003       1.0000       0.0820       0.9814
 895       0.0003       1.0000       0.0820       0.9814
 896       0.0003       1.0000       0.0821       0.9814
 897       0.0003       1.0000       0.0821       0.9814
 898       0.0003       1.0000       0.0821       0.9814
 899       0.0003       1.0000       0.0821       0.9814
 900       0.0003       1.0000       0.0821       0.9814
 901       0.0003       1.0000       0.0821       0.9814
 902       0.0003       1.0000       0.0821       0.9814
 903       0.0003       1.0000       0.0821       0.9815
 904       0.0003       1.0000       0.0821       0.9814
 905       0.0003       1.0000       0.0821       0.9814
 906       0.0003       1.0000       0.0821       0.9814
 907       0.0003       1.0000       0.0822       0.9814
 908       0.0003       1.0000       0.0822       0.9815
 909       0.0003       1.0000       0.0822       0.9814
 910       0.0003       1.0000       0.0822       0.9814
 911       0.0003       1.0000       0.0822       0.9814
 912       0.0003       1.0000       0.0822       0.9814
 913       0.0003       1.0000       0.0822       0.9814
 914       0.0003       1.0000       0.0822       0.9814
 915       0.0003       1.0000       0.0822       0.9814
 916       0.0003       1.0000       0.0822       0.9814
 917       0.0003       1.0000       0.0822       0.9815
 918       0.0003       1.0000       0.0823       0.9815
 919       0.0003       1.0000       0.0823       0.9814
 920       0.0003       1.0000       0.0823       0.9815
 921       0.0003       1.0000       0.0823       0.9815
 922       0.0003       1.0000       0.0823       0.9815
 923       0.0003       1.0000       0.0823       0.9815
 924       0.0003       1.0000       0.0823       0.9815
 925       0.0003       1.0000       0.0823       0.9815
 926       0.0003       1.0000       0.0823       0.9815
 927       0.0003       1.0000       0.0823       0.9815
 928       0.0003       1.0000       0.0824       0.9815
 929       0.0003       1.0000       0.0824       0.9815
 930       0.0003       1.0000       0.0824       0.9815
 931       0.0003       1.0000       0.0824       0.9815
 932       0.0003       1.0000       0.0824       0.9816
 933       0.0003       1.0000       0.0824       0.9815
 934       0.0003       1.0000       0.0824       0.9815
 935       0.0003       1.0000       0.0824       0.9815
 936       0.0003       1.0000       0.0824       0.9815
 937       0.0003       1.0000       0.0824       0.9816
 938       0.0003       1.0000       0.0824       0.9816
 939       0.0003       1.0000       0.0825       0.9816
 940       0.0003       1.0000       0.0825       0.9815
 941       0.0003       1.0000       0.0825       0.9816
 942       0.0003       1.0000       0.0825       0.9815
 943       0.0003       1.0000       0.0825       0.9815
 944       0.0003       1.0000       0.0825       0.9816
 945       0.0003       1.0000       0.0825       0.9815
 946       0.0003       1.0000       0.0825       0.9816
 947       0.0003       1.0000       0.0825       0.9816
 948       0.0003       1.0000       0.0825       0.9816
 949       0.0003       1.0000       0.0825       0.9816
 950       0.0003       1.0000       0.0825       0.9815
 951       0.0003       1.0000       0.0826       0.9815
 952       0.0003       1.0000       0.0826       0.9816
 953       0.0003       1.0000       0.0826       0.9815
 954       0.0003       1.0000       0.0826       0.9816
 955       0.0003       1.0000       0.0826       0.9815
 956       0.0003       1.0000       0.0826       0.9816
 957       0.0003       1.0000       0.0826       0.9815
 958       0.0003       1.0000       0.0826       0.9816
 959       0.0003       1.0000       0.0826       0.9817
 960       0.0003       1.0000       0.0826       0.9816
 961       0.0003       1.0000       0.0826       0.9816
 962       0.0003       1.0000       0.0826       0.9817
 963       0.0003       1.0000       0.0827       0.9817
 964       0.0003       1.0000       0.0827       0.9817
 965       0.0003       1.0000       0.0827       0.9817
 966       0.0003       1.0000       0.0827       0.9817
 967       0.0003       1.0000       0.0827       0.9817
 968       0.0003       1.0000       0.0827       0.9816
 969       0.0003       1.0000       0.0827       0.9816
 970       0.0003       1.0000       0.0827       0.9816
 971       0.0003       1.0000       0.0827       0.9817
 972       0.0003       1.0000       0.0827       0.9816
 973       0.0003       1.0000       0.0827       0.9817
 974       0.0003       1.0000       0.0827       0.9817
 975       0.0003       1.0000       0.0828       0.9816
 976       0.0003       1.0000       0.0828       0.9816
 977       0.0003       1.0000       0.0828       0.9816
 978       0.0003       1.0000       0.0828       0.9816
 979       0.0003       1.0000       0.0828       0.9816
 980       0.0003       1.0000       0.0828       0.9816
 981       0.0003       1.0000       0.0828       0.9816
 982       0.0003       1.0000       0.0828       0.9816
 983       0.0003       1.0000       0.0828       0.9817
 984       0.0003       1.0000       0.0828       0.9816
 985       0.0003       1.0000       0.0829       0.9816
 986       0.0003       1.0000       0.0829       0.9816
 987       0.0003       1.0000       0.0829       0.9816
 988       0.0003       1.0000       0.0829       0.9816
 989       0.0003       1.0000       0.0829       0.9816
 990       0.0003       1.0000       0.0829       0.9816
 991       0.0003       1.0000       0.0829       0.9816
 992       0.0003       1.0000       0.0829       0.9816
 993       0.0003       1.0000       0.0829       0.9816
 994       0.0003       1.0000       0.0829       0.9816
 995       0.0003       1.0000       0.0829       0.9816
 996       0.0003       1.0000       0.0829       0.9816
 997       0.0003       1.0000       0.0830       0.9816
 998       0.0003       1.0000       0.0829       0.9816
 999       0.0003       1.0000       0.0830       0.9816
