   0       0.3628       0.8997       0.1831       0.9425
   1       0.1455       0.9564       0.1223       0.9606
   2       0.0959       0.9711       0.1181       0.9615
   3       0.0695       0.9791       0.1124       0.9649
   4       0.0515       0.9845       0.1156       0.9646
   5       0.0380       0.9889       0.1020       0.9706
   6       0.0298       0.9913       0.0899       0.9744
   7       0.0233       0.9934       0.0786       0.9798
   8       0.0186       0.9947       0.0829       0.9779
   9       0.0153       0.9954       0.1105       0.9731
  10       0.0161       0.9948       0.0908       0.9782
  11       0.0152       0.9948       0.0872       0.9784
  12       0.0146       0.9951       0.0912       0.9787
  13       0.0091       0.9971       0.0925       0.9802
  14       0.0076       0.9973       0.1034       0.9769
  15       0.0100       0.9968       0.1045       0.9772
  16       0.0080       0.9974       0.1004       0.9803
  17       0.0054       0.9981       0.1204       0.9763
  18       0.0106       0.9964       0.1331       0.9750
  19       0.0057       0.9981       0.1217       0.9769
  20       0.0071       0.9976       0.1211       0.9783
  21       0.0093       0.9967       0.1249       0.9780
  22       0.0057       0.9978       0.1154       0.9795
  23       0.0057       0.9979       0.1108       0.9804
  24       0.0044       0.9984       0.1087       0.9807
  25       0.0042       0.9986       0.1211       0.9793
  26       0.0084       0.9972       0.1430       0.9762
  27       0.0055       0.9979       0.1233       0.9804
  28       0.0044       0.9985       0.1165       0.9798
  29       0.0033       0.9989       0.1289       0.9800
  30       0.0074       0.9977       0.1206       0.9797
  31       0.0033       0.9989       0.1579       0.9768
  32       0.0069       0.9978       0.1410       0.9783
  33       0.0054       0.9984       0.1275       0.9794
  34       0.0031       0.9991       0.1282       0.9801
  35       0.0047       0.9986       0.1211       0.9811
  36       0.0032       0.9989       0.1582       0.9776
  37       0.0052       0.9983       0.1497       0.9786
  38       0.0047       0.9986       0.1357       0.9809
  39       0.0056       0.9983       0.1297       0.9816
  40       0.0027       0.9991       0.1279       0.9829
  41       0.0034       0.9989       0.1622       0.9783
  42       0.0043       0.9985       0.1491       0.9790
  43       0.0036       0.9989       0.1286       0.9803
  44       0.0042       0.9987       0.1460       0.9783
  45       0.0030       0.9990       0.1467       0.9809
  46       0.0009       0.9998       0.1268       0.9834
  47       0.0068       0.9979       0.1525       0.9765
  48       0.0053       0.9984       0.1674       0.9767
  49       0.0048       0.9984       0.1500       0.9803
  50       0.0027       0.9991       0.1365       0.9819
  51       0.0015       0.9995       0.1361       0.9819
  52       0.0025       0.9994       0.1457       0.9795
  53       0.0090       0.9974       0.1388       0.9824
  54       0.0034       0.9990       0.1318       0.9800
  55       0.0010       0.9997       0.1296       0.9824
  56       0.0001       1.0000       0.1219       0.9820
  57       0.0000       1.0000       0.1222       0.9828
  58       0.0000       1.0000       0.1226       0.9830
  59       0.0000       1.0000       0.1234       0.9830
  60       0.0000       1.0000       0.1242       0.9829
  61       0.0000       1.0000       0.1251       0.9830
  62       0.0000       1.0000       0.1260       0.9832
  63       0.0000       1.0000       0.1271       0.9834
  64       0.0000       1.0000       0.1282       0.9835
  65       0.0000       1.0000       0.1294       0.9837
  66       0.0000       1.0000       0.1307       0.9836
  67       0.0000       1.0000       0.1321       0.9837
  68       0.0000       1.0000       0.1336       0.9838
  69       0.0000       1.0000       0.1351       0.9837
  70       0.0000       1.0000       0.1368       0.9835
  71       0.0000       1.0000       0.1385       0.9834
  72       0.0000       1.0000       0.1401       0.9834
  73       0.0000       1.0000       0.1419       0.9834
  74       0.0000       1.0000       0.1436       0.9835
  75       0.0000       1.0000       0.1455       0.9835
  76       0.0000       1.0000       0.1473       0.9834
  77       0.0000       1.0000       0.1492       0.9836
  78       0.0000       1.0000       0.1512       0.9836
  79       0.0000       1.0000       0.1531       0.9838
  80       0.0000       1.0000       0.1550       0.9838
  81       0.0000       1.0000       0.1570       0.9840
  82       0.0000       1.0000       0.1590       0.9839
  83       0.0000       1.0000       0.1611       0.9842
  84       0.0000       1.0000       0.1630       0.9841
  85       0.0000       1.0000       0.1650       0.9842
  86       0.0000       1.0000       0.1669       0.9842
  87       0.0000       1.0000       0.1688       0.9842
  88       0.0000       1.0000       0.1705       0.9841
  89       0.0000       1.0000       0.1722       0.9843
  90       0.0000       1.0000       0.1737       0.9843
  91       0.0000       1.0000       0.1751       0.9841
  92       0.0000       1.0000       0.1763       0.9841
  93       0.0000       1.0000       0.1773       0.9841
  94       0.0000       1.0000       0.1783       0.9838
  95       0.0000       1.0000       0.1791       0.9839
  96       0.0000       1.0000       0.1801       0.9838
  97       0.0000       1.0000       0.1810       0.9839
  98       0.0000       1.0000       0.1823       0.9839
  99       0.0000       1.0000       0.1841       0.9843
 100       0.0000       1.0000       0.1862       0.9841
 101       0.0000       1.0000       0.1875       0.9843
 102       0.0000       1.0000       0.1904       0.9843
 103       0.0000       1.0000       0.1924       0.9846
 104       0.0000       1.0000       0.1957       0.9847
 105       0.0000       1.0000       0.2005       0.9842
 106       0.0000       1.0000       0.2024       0.9841
 107       0.0000       1.0000       0.2046       0.9843
 108       0.0000       1.0000       0.2099       0.9844
 109       0.0277       0.9962       0.2415       0.9768
 110       0.0076       0.9982       0.2037       0.9803
 111       0.0016       0.9995       0.1913       0.9822
 112       0.0036       0.9990       0.2045       0.9797
 113       0.0056       0.9986       0.1883       0.9802
 114       0.0021       0.9994       0.1894       0.9814
 115       0.0017       0.9995       0.2101       0.9802
 116       0.0073       0.9980       0.2139       0.9781
 117       0.0028       0.9992       0.1878       0.9816
 118       0.0008       0.9997       0.2049       0.9810
 119       0.0052       0.9985       0.1893       0.9815
 120       0.0032       0.9991       0.1944       0.9798
 121       0.0044       0.9989       0.1717       0.9813
 122       0.0046       0.9988       0.1866       0.9813
 123       0.0034       0.9991       0.1820       0.9798
 124       0.0024       0.9994       0.1832       0.9813
 125       0.0061       0.9985       0.1820       0.9810
 126       0.0030       0.9990       0.1799       0.9813
 127       0.0012       0.9996       0.1936       0.9811
 128       0.0037       0.9990       0.1990       0.9789
 129       0.0039       0.9989       0.2066       0.9794
 130       0.0041       0.9989       0.2064       0.9793
 131       0.0033       0.9991       0.2199       0.9786
 132       0.0015       0.9995       0.1974       0.9798
 133       0.0014       0.9998       0.2148       0.9785
 134       0.0028       0.9993       0.2057       0.9802
 135       0.0054       0.9987       0.2077       0.9806
 136       0.0039       0.9990       0.2115       0.9814
 137       0.0022       0.9994       0.1927       0.9805
 138       0.0030       0.9992       0.2105       0.9810
 139       0.0042       0.9991       0.2062       0.9799
 140       0.0034       0.9989       0.1821       0.9823
 141       0.0013       0.9996       0.1754       0.9826
 142       0.0015       0.9995       0.2057       0.9801
 143       0.0054       0.9987       0.2304       0.9803
 144       0.0045       0.9988       0.1985       0.9800
 145       0.0009       0.9996       0.1956       0.9808
 146       0.0015       0.9996       0.1805       0.9825
 147       0.0019       0.9994       0.2035       0.9819
 148       0.0034       0.9990       0.2187       0.9811
 149       0.0033       0.9991       0.2055       0.9805
 150       0.0020       0.9994       0.1996       0.9805
 151       0.0020       0.9995       0.2082       0.9818
 152       0.0054       0.9985       0.2380       0.9793
 153       0.0016       0.9995       0.1782       0.9831
 154       0.0009       0.9998       0.1862       0.9831
 155       0.0021       0.9994       0.2075       0.9810
 156       0.0039       0.9990       0.2331       0.9799
 157       0.0031       0.9991       0.1993       0.9813
 158       0.0021       0.9996       0.1956       0.9818
 159       0.0019       0.9995       0.1983       0.9814
 160       0.0029       0.9992       0.2168       0.9802
 161       0.0021       0.9993       0.1938       0.9803
 162       0.0021       0.9994       0.2013       0.9809
 163       0.0001       0.9999       0.1971       0.9814
 164       0.0015       0.9996       0.2184       0.9801
 165       0.0058       0.9988       0.2079       0.9805
 166       0.0032       0.9991       0.2025       0.9820
 167       0.0010       0.9997       0.2068       0.9811
 168       0.0008       0.9998       0.1880       0.9816
 169       0.0001       1.0000       0.1910       0.9818
 170       0.0000       1.0000       0.1877       0.9821
 171       0.0000       1.0000       0.1871       0.9821
 172       0.0000       1.0000       0.1867       0.9820
 173       0.0000       1.0000       0.1863       0.9822
 174       0.0000       1.0000       0.1860       0.9823
 175       0.0000       1.0000       0.1858       0.9824
 176       0.0000       1.0000       0.1857       0.9825
 177       0.0000       1.0000       0.1857       0.9825
 178       0.0000       1.0000       0.1856       0.9823
 179       0.0000       1.0000       0.1858       0.9821
 180       0.0000       1.0000       0.1860       0.9821
 181       0.0000       1.0000       0.1863       0.9822
 182       0.0000       1.0000       0.1866       0.9824
 183       0.0000       1.0000       0.1871       0.9825
 184       0.0000       1.0000       0.1876       0.9825
 185       0.0000       1.0000       0.1882       0.9824
 186       0.0000       1.0000       0.1887       0.9824
 187       0.0000       1.0000       0.1894       0.9823
 188       0.0000       1.0000       0.1901       0.9824
 189       0.0000       1.0000       0.1910       0.9823
 190       0.0000       1.0000       0.1918       0.9823
 191       0.0000       1.0000       0.1928       0.9823
 192       0.0000       1.0000       0.1936       0.9822
 193       0.0000       1.0000       0.1946       0.9823
 194       0.0000       1.0000       0.1955       0.9825
 195       0.0000       1.0000       0.1965       0.9825
 196       0.0000       1.0000       0.1975       0.9825
 197       0.0000       1.0000       0.1986       0.9828
 198       0.0000       1.0000       0.1997       0.9829
 199       0.0000       1.0000       0.2009       0.9830
 200       0.0000       1.0000       0.2022       0.9830
 201       0.0000       1.0000       0.2034       0.9830
 202       0.0000       1.0000       0.2046       0.9831
 203       0.0000       1.0000       0.2061       0.9833
 204       0.0000       1.0000       0.2076       0.9833
 205       0.0000       1.0000       0.2093       0.9834
 206       0.0000       1.0000       0.2110       0.9835
 207       0.0000       1.0000       0.2127       0.9836
 208       0.0000       1.0000       0.2144       0.9836
 209       0.0000       1.0000       0.2164       0.9838
 210       0.0000       1.0000       0.2181       0.9838
 211       0.0000       1.0000       0.2197       0.9837
 212       0.0000       1.0000       0.2213       0.9836
 213       0.0000       1.0000       0.2227       0.9838
 214       0.0000       1.0000       0.2246       0.9839
 215       0.0000       1.0000       0.2252       0.9837
 216       0.0000       1.0000       0.2264       0.9838
 217       0.0000       1.0000       0.2274       0.9838
 218       0.0000       1.0000       0.2290       0.9839
 219       0.0000       1.0000       0.2302       0.9840
 220       0.0000       1.0000       0.2309       0.9839
 221       0.0000       1.0000       0.2324       0.9842
 222       0.0000       1.0000       0.2336       0.9840
 223       0.0000       1.0000       0.2348       0.9841
 224       0.0000       1.0000       0.2364       0.9841
 225       0.0000       1.0000       0.2386       0.9843
 226       0.0000       1.0000       0.2399       0.9841
 227       0.0000       1.0000       0.2413       0.9842
 228       0.0000       1.0000       0.2429       0.9842
 229       0.0000       1.0000       0.2453       0.9839
 230       0.0000       1.0000       0.2458       0.9836
 231       0.0000       1.0000       0.2498       0.9834
 232       0.0209       0.9973       0.2753       0.9810
 233       0.0011       0.9996       0.2274       0.9819
 234       0.0005       0.9998       0.2439       0.9820
 235       0.0000       1.0000       0.2398       0.9827
 236       0.0000       1.0000       0.2394       0.9826
 237       0.0000       1.0000       0.2392       0.9825
 238       0.0000       1.0000       0.2391       0.9825
 239       0.0000       1.0000       0.2391       0.9825
 240       0.0000       1.0000       0.2391       0.9824
 241       0.0000       1.0000       0.2391       0.9824
 242       0.0000       1.0000       0.2391       0.9824
 243       0.0000       1.0000       0.2392       0.9825
 244       0.0000       1.0000       0.2392       0.9825
 245       0.0000       1.0000       0.2392       0.9825
 246       0.0000       1.0000       0.2392       0.9827
 247       0.0000       1.0000       0.2392       0.9827
 248       0.0000       1.0000       0.2392       0.9827
 249       0.0000       1.0000       0.2393       0.9828
 250       0.0000       1.0000       0.2394       0.9829
 251       0.0000       1.0000       0.2394       0.9830
 252       0.0000       1.0000       0.2395       0.9830
 253       0.0000       1.0000       0.2396       0.9830
 254       0.0000       1.0000       0.2397       0.9829
 255       0.0000       1.0000       0.2399       0.9830
 256       0.0000       1.0000       0.2400       0.9831
 257       0.0000       1.0000       0.2402       0.9831
 258       0.0000       1.0000       0.2404       0.9831
 259       0.0000       1.0000       0.2407       0.9831
 260       0.0000       1.0000       0.2410       0.9833
 261       0.0000       1.0000       0.2413       0.9834
 262       0.0000       1.0000       0.2418       0.9835
 263       0.0000       1.0000       0.2423       0.9835
 264       0.0000       1.0000       0.2428       0.9835
 265       0.0000       1.0000       0.2434       0.9836
 266       0.0000       1.0000       0.2440       0.9837
 267       0.0000       1.0000       0.2449       0.9836
 268       0.0000       1.0000       0.2458       0.9835
 269       0.0000       1.0000       0.2470       0.9833
 270       0.0000       1.0000       0.2483       0.9834
 271       0.0000       1.0000       0.2497       0.9834
 272       0.0000       1.0000       0.2514       0.9834
 273       0.0000       1.0000       0.2531       0.9834
 274       0.0000       1.0000       0.2550       0.9835
 275       0.0000       1.0000       0.2572       0.9833
 276       0.0000       1.0000       0.2591       0.9836
 277       0.0000       1.0000       0.2619       0.9832
 278       0.0000       1.0000       0.2637       0.9833
 279       0.0000       1.0000       0.2664       0.9834
 280       0.0000       1.0000       0.2690       0.9836
 281       0.0000       1.0000       0.2725       0.9834
 282       0.0000       1.0000       0.2755       0.9839
 283       0.0000       1.0000       0.2791       0.9837
 284       0.0000       1.0000       0.2821       0.9837
 285       0.0000       1.0000       0.2872       0.9834
 286       0.0232       0.9970       0.3007       0.9795
 287       0.0023       0.9994       0.3116       0.9806
 288       0.0026       0.9993       0.3204       0.9803
 289       0.0022       0.9995       0.3132       0.9795
 290       0.0019       0.9995       0.3085       0.9811
 291       0.0039       0.9994       0.2826       0.9808
 292       0.0027       0.9994       0.3034       0.9806
 293       0.0038       0.9992       0.2939       0.9793
 294       0.0033       0.9992       0.2875       0.9793
 295       0.0033       0.9992       0.3138       0.9801
 296       0.0037       0.9993       0.3013       0.9798
 297       0.0055       0.9990       0.3101       0.9796
 298       0.0016       0.9996       0.2813       0.9805
 299       0.0014       0.9997       0.2821       0.9815
 300       0.0031       0.9993       0.3243       0.9798
 301       0.0015       0.9997       0.2676       0.9818
 302       0.0034       0.9993       0.2548       0.9828
 303       0.0007       0.9997       0.2792       0.9810
 304       0.0031       0.9993       0.3307       0.9774
 305       0.0053       0.9990       0.2862       0.9800
 306       0.0023       0.9995       0.2881       0.9805
 307       0.0056       0.9990       0.2917       0.9807
 308       0.0007       0.9998       0.2656       0.9814
 309       0.0005       0.9998       0.2841       0.9814
 310       0.0038       0.9993       0.3165       0.9805
 311       0.0056       0.9992       0.2638       0.9830
 312       0.0003       0.9999       0.2687       0.9821
 313       0.0019       0.9996       0.3148       0.9806
 314       0.0033       0.9993       0.3257       0.9788
 315       0.0023       0.9994       0.2756       0.9834
 316       0.0011       0.9997       0.2690       0.9828
 317       0.0007       0.9998       0.2782       0.9812
 318       0.0016       0.9997       0.2853       0.9826
 319       0.0047       0.9990       0.2609       0.9820
 320       0.0037       0.9991       0.2793       0.9813
 321       0.0024       0.9994       0.2962       0.9800
 322       0.0024       0.9995       0.2346       0.9843
 323       0.0017       0.9996       0.2638       0.9813
 324       0.0011       0.9997       0.2422       0.9819
 325       0.0022       0.9995       0.2758       0.9805
 326       0.0037       0.9992       0.2757       0.9826
 327       0.0034       0.9993       0.3082       0.9817
 328       0.0030       0.9993       0.2878       0.9809
 329       0.0007       0.9998       0.2737       0.9824
 330       0.0009       0.9998       0.2785       0.9822
 331       0.0018       0.9996       0.2879       0.9806
 332       0.0049       0.9994       0.2891       0.9810
 333       0.0027       0.9994       0.2905       0.9822
 334       0.0004       0.9999       0.2539       0.9844
 335       0.0018       0.9996       0.3067       0.9809
 336       0.0029       0.9995       0.2894       0.9810
 337       0.0031       0.9994       0.2907       0.9822
 338       0.0030       0.9993       0.2882       0.9817
 339       0.0016       0.9996       0.2957       0.9830
 340       0.0019       0.9996       0.2601       0.9838
 341       0.0004       0.9999       0.2634       0.9829
 342       0.0011       0.9999       0.2430       0.9822
 343       0.0034       0.9994       0.3257       0.9784
 344       0.0070       0.9987       0.2940       0.9805
 345       0.0011       0.9997       0.2796       0.9829
 346       0.0004       0.9999       0.2991       0.9826
 347       0.0026       0.9995       0.3106       0.9815
 348       0.0024       0.9996       0.2956       0.9817
 349       0.0048       0.9993       0.3012       0.9817
 350       0.0017       0.9997       0.3216       0.9806
 351       0.0024       0.9994       0.3224       0.9814
 352       0.0008       0.9998       0.3257       0.9800
 353       0.0032       0.9993       0.2916       0.9811
 354       0.0053       0.9992       0.3070       0.9824
 355       0.0014       0.9996       0.2827       0.9830
 356       0.0020       0.9996       0.2853       0.9830
 357       0.0006       0.9998       0.2544       0.9836
 358       0.0001       1.0000       0.2520       0.9845
 359       0.0000       1.0000       0.2532       0.9846
 360       0.0000       1.0000       0.2528       0.9846
 361       0.0000       1.0000       0.2525       0.9846
 362       0.0000       1.0000       0.2523       0.9847
 363       0.0000       1.0000       0.2521       0.9847
 364       0.0000       1.0000       0.2519       0.9849
 365       0.0000       1.0000       0.2517       0.9848
 366       0.0000       1.0000       0.2515       0.9848
 367       0.0000       1.0000       0.2513       0.9848
 368       0.0000       1.0000       0.2512       0.9849
 369       0.0000       1.0000       0.2510       0.9849
 370       0.0000       1.0000       0.2509       0.9850
 371       0.0000       1.0000       0.2507       0.9851
 372       0.0000       1.0000       0.2506       0.9852
 373       0.0000       1.0000       0.2505       0.9854
 374       0.0000       1.0000       0.2503       0.9855
 375       0.0000       1.0000       0.2502       0.9856
 376       0.0000       1.0000       0.2501       0.9855
 377       0.0000       1.0000       0.2500       0.9855
 378       0.0000       1.0000       0.2499       0.9855
 379       0.0000       1.0000       0.2497       0.9854
 380       0.0000       1.0000       0.2496       0.9854
 381       0.0000       1.0000       0.2496       0.9854
 382       0.0000       1.0000       0.2495       0.9854
 383       0.0000       1.0000       0.2496       0.9853
 384       0.0000       1.0000       0.2496       0.9853
 385       0.0000       1.0000       0.2497       0.9851
 386       0.0000       1.0000       0.2499       0.9851
 387       0.0000       1.0000       0.2501       0.9850
 388       0.0000       1.0000       0.2505       0.9850
 389       0.0000       1.0000       0.2509       0.9850
 390       0.0000       1.0000       0.2515       0.9850
 391       0.0000       1.0000       0.2523       0.9850
 392       0.0000       1.0000       0.2532       0.9850
 393       0.0000       1.0000       0.2542       0.9851
 394       0.0000       1.0000       0.2553       0.9851
 395       0.0000       1.0000       0.2565       0.9851
 396       0.0000       1.0000       0.2580       0.9851
 397       0.0000       1.0000       0.2593       0.9851
 398       0.0000       1.0000       0.2608       0.9851
 399       0.0000       1.0000       0.2621       0.9851
 400       0.0000       1.0000       0.2635       0.9851
 401       0.0000       1.0000       0.2649       0.9852
 402       0.0000       1.0000       0.2658       0.9854
 403       0.0000       1.0000       0.2670       0.9853
 404       0.0000       1.0000       0.2680       0.9853
 405       0.0000       1.0000       0.2694       0.9853
 406       0.0000       1.0000       0.2701       0.9854
 407       0.0000       1.0000       0.2712       0.9854
 408       0.0000       1.0000       0.2719       0.9855
 409       0.0000       1.0000       0.2727       0.9854
 410       0.0000       1.0000       0.2738       0.9855
 411       0.0000       1.0000       0.2744       0.9855
 412       0.0000       1.0000       0.2749       0.9857
 413       0.0000       1.0000       0.2759       0.9857
 414       0.0000       1.0000       0.2771       0.9857
 415       0.0000       1.0000       0.2789       0.9857
 416       0.0000       1.0000       0.2800       0.9855
 417       0.0000       1.0000       0.2816       0.9858
 418       0.0000       1.0000       0.2833       0.9856
 419       0.0000       1.0000       0.2853       0.9856
 420       0.0000       1.0000       0.2863       0.9855
 421       0.0000       1.0000       0.2883       0.9854
 422       0.0000       1.0000       0.2890       0.9855
 423       0.0000       1.0000       0.2915       0.9850
 424       0.0135       0.9984       0.3529       0.9808
 425       0.0043       0.9994       0.3233       0.9821
 426       0.0018       0.9996       0.3245       0.9819
 427       0.0011       0.9997       0.3287       0.9815
 428       0.0024       0.9997       0.3142       0.9833
 429       0.0014       0.9997       0.3486       0.9814
 430       0.0040       0.9993       0.3002       0.9833
 431       0.0024       0.9996       0.3277       0.9811
 432       0.0006       0.9998       0.3040       0.9816
 433       0.0030       0.9995       0.3384       0.9808
 434       0.0024       0.9996       0.2911       0.9826
 435       0.0048       0.9992       0.2824       0.9834
 436       0.0032       0.9995       0.2703       0.9825
 437       0.0010       0.9997       0.2876       0.9832
 438       0.0010       0.9998       0.2960       0.9832
 439       0.0011       0.9998       0.2925       0.9841
 440       0.0010       0.9998       0.3237       0.9817
 441       0.0037       0.9994       0.3422       0.9809
 442       0.0029       0.9994       0.3486       0.9798
 443       0.0036       0.9995       0.3151       0.9819
 444       0.0017       0.9996       0.2990       0.9821
 445       0.0017       0.9996       0.2619       0.9846
 446       0.0007       0.9998       0.3118       0.9825
 447       0.0024       0.9996       0.2852       0.9833
 448       0.0024       0.9996       0.2843       0.9827
 449       0.0013       0.9997       0.3219       0.9816
 450       0.0027       0.9994       0.3141       0.9829
 451       0.0021       0.9996       0.3487       0.9810
 452       0.0025       0.9995       0.3201       0.9823
 453       0.0024       0.9996       0.2967       0.9833
 454       0.0001       0.9999       0.2933       0.9838
 455       0.0000       1.0000       0.2936       0.9840
 456       0.0000       1.0000       0.2933       0.9841
 457       0.0000       1.0000       0.2931       0.9841
 458       0.0000       1.0000       0.2929       0.9841
 459       0.0000       1.0000       0.2927       0.9841
 460       0.0000       1.0000       0.2925       0.9842
 461       0.0000       1.0000       0.2923       0.9842
 462       0.0000       1.0000       0.2922       0.9845
 463       0.0000       1.0000       0.2920       0.9846
 464       0.0000       1.0000       0.2919       0.9846
 465       0.0000       1.0000       0.2918       0.9846
 466       0.0000       1.0000       0.2916       0.9846
 467       0.0000       1.0000       0.2915       0.9846
 468       0.0000       1.0000       0.2914       0.9846
 469       0.0000       1.0000       0.2912       0.9846
 470       0.0000       1.0000       0.2911       0.9846
 471       0.0000       1.0000       0.2910       0.9846
 472       0.0000       1.0000       0.2908       0.9846
 473       0.0000       1.0000       0.2907       0.9846
 474       0.0000       1.0000       0.2905       0.9845
 475       0.0000       1.0000       0.2904       0.9846
 476       0.0000       1.0000       0.2903       0.9846
 477       0.0000       1.0000       0.2901       0.9844
 478       0.0000       1.0000       0.2900       0.9845
 479       0.0000       1.0000       0.2898       0.9845
 480       0.0000       1.0000       0.2897       0.9844
 481       0.0000       1.0000       0.2896       0.9842
 482       0.0000       1.0000       0.2896       0.9842
 483       0.0000       1.0000       0.2896       0.9842
 484       0.0000       1.0000       0.2896       0.9842
 485       0.0000       1.0000       0.2898       0.9842
 486       0.0000       1.0000       0.2900       0.9842
 487       0.0000       1.0000       0.2904       0.9843
 488       0.0000       1.0000       0.2907       0.9845
 489       0.0000       1.0000       0.2913       0.9847
 490       0.0000       1.0000       0.2921       0.9848
 491       0.0000       1.0000       0.2932       0.9849
 492       0.0000       1.0000       0.2943       0.9849
 493       0.0000       1.0000       0.2955       0.9849
 494       0.0000       1.0000       0.2966       0.9850
 495       0.0000       1.0000       0.2981       0.9851
 496       0.0000       1.0000       0.2992       0.9856
 497       0.0000       1.0000       0.2999       0.9856
 498       0.0000       1.0000       0.3011       0.9856
 499       0.0000       1.0000       0.3020       0.9857
 500       0.0000       1.0000       0.3025       0.9857
 501       0.0000       1.0000       0.3033       0.9855
 502       0.0000       1.0000       0.3041       0.9856
 503       0.0000       1.0000       0.3040       0.9858
 504       0.0000       1.0000       0.3048       0.9856
 505       0.0000       1.0000       0.3051       0.9857
 506       0.0000       1.0000       0.3058       0.9853
 507       0.0000       1.0000       0.3059       0.9852
 508       0.0000       1.0000       0.3079       0.9852
 509       0.0000       1.0000       0.3101       0.9852
 510       0.0000       1.0000       0.3089       0.9854
 511       0.0000       1.0000       0.3084       0.9853
 512       0.0000       1.0000       0.3104       0.9852
 513       0.0000       1.0000       0.3123       0.9852
 514       0.0000       1.0000       0.3141       0.9856
 515       0.0000       1.0000       0.3131       0.9855
 516       0.0000       1.0000       0.3154       0.9854
 517       0.0000       1.0000       0.3175       0.9852
 518       0.0000       1.0000       0.3191       0.9856
 519       0.0000       1.0000       0.3205       0.9857
 520       0.0000       1.0000       0.3259       0.9854
 521       0.0123       0.9987       0.4107       0.9800
 522       0.0049       0.9992       0.3152       0.9828
 523       0.0018       0.9997       0.3467       0.9814
 524       0.0011       0.9997       0.3087       0.9831
 525       0.0000       1.0000       0.3116       0.9837
 526       0.0000       1.0000       0.3109       0.9839
 527       0.0000       1.0000       0.3107       0.9839
 528       0.0000       1.0000       0.3104       0.9838
 529       0.0000       1.0000       0.3101       0.9838
 530       0.0000       1.0000       0.3098       0.9837
 531       0.0000       1.0000       0.3096       0.9834
 532       0.0000       1.0000       0.3093       0.9834
 533       0.0000       1.0000       0.3090       0.9834
 534       0.0000       1.0000       0.3087       0.9833
 535       0.0000       1.0000       0.3085       0.9833
 536       0.0000       1.0000       0.3082       0.9833
 537       0.0000       1.0000       0.3080       0.9834
 538       0.0000       1.0000       0.3077       0.9835
 539       0.0000       1.0000       0.3074       0.9836
 540       0.0000       1.0000       0.3071       0.9836
 541       0.0000       1.0000       0.3068       0.9838
 542       0.0000       1.0000       0.3065       0.9838
 543       0.0000       1.0000       0.3063       0.9838
 544       0.0000       1.0000       0.3061       0.9838
 545       0.0000       1.0000       0.3058       0.9837
 546       0.0000       1.0000       0.3056       0.9838
 547       0.0000       1.0000       0.3054       0.9838
 548       0.0000       1.0000       0.3052       0.9837
 549       0.0000       1.0000       0.3049       0.9837
 550       0.0000       1.0000       0.3048       0.9837
 551       0.0000       1.0000       0.3045       0.9837
 552       0.0000       1.0000       0.3044       0.9838
 553       0.0000       1.0000       0.3044       0.9838
 554       0.0000       1.0000       0.3044       0.9839
 555       0.0000       1.0000       0.3044       0.9839
 556       0.0000       1.0000       0.3045       0.9837
 557       0.0000       1.0000       0.3047       0.9837
 558       0.0000       1.0000       0.3051       0.9839
 559       0.0000       1.0000       0.3055       0.9839
 560       0.0000       1.0000       0.3066       0.9840
 561       0.0000       1.0000       0.3076       0.9842
 562       0.0000       1.0000       0.3088       0.9841
 563       0.0000       1.0000       0.3103       0.9841
 564       0.0000       1.0000       0.3117       0.9842
 565       0.0000       1.0000       0.3129       0.9842
 566       0.0000       1.0000       0.3147       0.9841
 567       0.0000       1.0000       0.3159       0.9844
 568       0.0000       1.0000       0.3180       0.9844
 569       0.0000       1.0000       0.3193       0.9847
 570       0.0000       1.0000       0.3212       0.9845
 571       0.0000       1.0000       0.3237       0.9849
 572       0.0000       1.0000       0.3259       0.9847
 573       0.0000       1.0000       0.3288       0.9849
 574       0.0000       1.0000       0.3294       0.9852
 575       0.0000       1.0000       0.3301       0.9853
 576       0.0000       1.0000       0.3347       0.9854
 577       0.0000       1.0000       0.3376       0.9851
 578       0.0162       0.9979       0.4142       0.9800
 579       0.0026       0.9995       0.3527       0.9821
 580       0.0010       0.9998       0.3491       0.9829
 581       0.0003       0.9999       0.3559       0.9822
 582       0.0012       0.9998       0.3724       0.9813
 583       0.0042       0.9994       0.3980       0.9829
 584       0.0035       0.9996       0.3617       0.9828
 585       0.0018       0.9996       0.3966       0.9822
 586       0.0027       0.9995       0.3891       0.9815
 587       0.0026       0.9994       0.3888       0.9818
 588       0.0016       0.9997       0.4114       0.9804
 589       0.0021       0.9996       0.3693       0.9824
 590       0.0009       0.9998       0.3643       0.9823
 591       0.0018       0.9997       0.3708       0.9812
 592       0.0063       0.9992       0.3674       0.9818
 593       0.0023       0.9996       0.3315       0.9823
 594       0.0023       0.9996       0.3550       0.9824
 595       0.0014       0.9997       0.3636       0.9807
 596       0.0020       0.9997       0.3738       0.9816
 597       0.0014       0.9997       0.3942       0.9806
 598       0.0041       0.9994       0.3692       0.9809
 599       0.0012       0.9998       0.3600       0.9826
 600       0.0017       0.9997       0.3399       0.9816
 601       0.0011       0.9998       0.3307       0.9829
 602       0.0001       0.9999       0.3280       0.9828
 603       0.0017       0.9997       0.3475       0.9815
 604       0.0013       0.9998       0.4220       0.9793
 605       0.0070       0.9990       0.3630       0.9808
 606       0.0012       0.9997       0.3545       0.9830
 607       0.0017       0.9997       0.3548       0.9819
 608       0.0010       0.9998       0.3208       0.9828
 609       0.0000       1.0000       0.3212       0.9835
 610       0.0000       1.0000       0.3168       0.9840
 611       0.0000       1.0000       0.3165       0.9840
 612       0.0000       1.0000       0.3163       0.9840
 613       0.0000       1.0000       0.3161       0.9840
 614       0.0000       1.0000       0.3159       0.9839
 615       0.0000       1.0000       0.3156       0.9839
 616       0.0000       1.0000       0.3154       0.9839
 617       0.0000       1.0000       0.3151       0.9839
 618       0.0000       1.0000       0.3149       0.9838
 619       0.0000       1.0000       0.3146       0.9839
 620       0.0000       1.0000       0.3143       0.9841
 621       0.0000       1.0000       0.3141       0.9841
 622       0.0000       1.0000       0.3138       0.9841
 623       0.0000       1.0000       0.3136       0.9841
 624       0.0000       1.0000       0.3133       0.9841
 625       0.0000       1.0000       0.3130       0.9842
 626       0.0000       1.0000       0.3128       0.9842
 627       0.0000       1.0000       0.3125       0.9841
 628       0.0000       1.0000       0.3123       0.9842
 629       0.0000       1.0000       0.3120       0.9841
 630       0.0000       1.0000       0.3117       0.9841
 631       0.0000       1.0000       0.3115       0.9839
 632       0.0000       1.0000       0.3113       0.9839
 633       0.0000       1.0000       0.3110       0.9839
 634       0.0000       1.0000       0.3108       0.9840
 635       0.0000       1.0000       0.3106       0.9840
 636       0.0000       1.0000       0.3105       0.9840
 637       0.0000       1.0000       0.3104       0.9840
 638       0.0000       1.0000       0.3103       0.9839
 639       0.0000       1.0000       0.3103       0.9839
 640       0.0000       1.0000       0.3103       0.9838
 641       0.0000       1.0000       0.3106       0.9837
 642       0.0000       1.0000       0.3110       0.9837
 643       0.0000       1.0000       0.3113       0.9838
 644       0.0000       1.0000       0.3121       0.9840
 645       0.0000       1.0000       0.3130       0.9841
 646       0.0000       1.0000       0.3140       0.9841
 647       0.0000       1.0000       0.3152       0.9841
 648       0.0000       1.0000       0.3164       0.9841
 649       0.0000       1.0000       0.3177       0.9842
 650       0.0000       1.0000       0.3189       0.9843
 651       0.0000       1.0000       0.3196       0.9843
 652       0.0000       1.0000       0.3213       0.9844
 653       0.0000       1.0000       0.3223       0.9842
 654       0.0000       1.0000       0.3236       0.9842
 655       0.0000       1.0000       0.3243       0.9843
 656       0.0000       1.0000       0.3255       0.9840
 657       0.0000       1.0000       0.3264       0.9840
 658       0.0000       1.0000       0.3274       0.9841
 659       0.0000       1.0000       0.3281       0.9841
 660       0.0000       1.0000       0.3287       0.9841
 661       0.0000       1.0000       0.3301       0.9844
 662       0.0000       1.0000       0.3297       0.9841
 663       0.0000       1.0000       0.3306       0.9843
 664       0.0000       1.0000       0.3311       0.9841
 665       0.0000       1.0000       0.3322       0.9841
 666       0.0000       1.0000       0.3319       0.9841
 667       0.0000       1.0000       0.3335       0.9841
 668       0.0000       1.0000       0.3346       0.9842
 669       0.0000       1.0000       0.3362       0.9843
 670       0.0000       1.0000       0.3362       0.9845
 671       0.0000       1.0000       0.3356       0.9843
 672       0.0000       1.0000       0.3387       0.9843
 673       0.0000       1.0000       0.3399       0.9842
 674       0.0000       1.0000       0.3407       0.9844
 675       0.0000       1.0000       0.3430       0.9843
 676       0.0000       1.0000       0.3435       0.9843
 677       0.0000       1.0000       0.3485       0.9844
 678       0.0026       0.9997       0.5858       0.9768
 679       0.0168       0.9981       0.4191       0.9808
 680       0.0022       0.9996       0.4335       0.9811
 681       0.0001       0.9999       0.4061       0.9824
 682       0.0000       1.0000       0.4074       0.9824
 683       0.0000       1.0000       0.4071       0.9824
 684       0.0000       1.0000       0.4069       0.9824
 685       0.0000       1.0000       0.4068       0.9825
 686       0.0000       1.0000       0.4066       0.9826
 687       0.0000       1.0000       0.4064       0.9826
 688       0.0000       1.0000       0.4062       0.9826
 689       0.0000       1.0000       0.4059       0.9826
 690       0.0000       1.0000       0.4057       0.9826
 691       0.0000       1.0000       0.4054       0.9826
 692       0.0000       1.0000       0.4052       0.9826
 693       0.0000       1.0000       0.4049       0.9826
 694       0.0000       1.0000       0.4046       0.9826
 695       0.0000       1.0000       0.4043       0.9826
 696       0.0000       1.0000       0.4039       0.9826
 697       0.0000       1.0000       0.4035       0.9826
 698       0.0000       1.0000       0.4032       0.9826
 699       0.0000       1.0000       0.4028       0.9827
 700       0.0000       1.0000       0.4023       0.9828
 701       0.0000       1.0000       0.4018       0.9829
 702       0.0000       1.0000       0.4013       0.9829
 703       0.0000       1.0000       0.4008       0.9829
 704       0.0000       1.0000       0.4004       0.9828
 705       0.0000       1.0000       0.4000       0.9828
 706       0.0000       1.0000       0.3995       0.9829
 707       0.0000       1.0000       0.3990       0.9829
 708       0.0000       1.0000       0.3986       0.9829
 709       0.0000       1.0000       0.3982       0.9828
 710       0.0000       1.0000       0.3978       0.9829
 711       0.0000       1.0000       0.3976       0.9829
 712       0.0000       1.0000       0.3974       0.9830
 713       0.0000       1.0000       0.3973       0.9830
 714       0.0000       1.0000       0.3972       0.9830
 715       0.0000       1.0000       0.3971       0.9830
 716       0.0000       1.0000       0.3973       0.9829
 717       0.0000       1.0000       0.3977       0.9830
 718       0.0000       1.0000       0.3982       0.9831
 719       0.0000       1.0000       0.3988       0.9830
 720       0.0000       1.0000       0.3993       0.9831
 721       0.0000       1.0000       0.4003       0.9831
 722       0.0000       1.0000       0.4011       0.9832
 723       0.0000       1.0000       0.4015       0.9832
 724       0.0000       1.0000       0.4017       0.9833
 725       0.0000       1.0000       0.4028       0.9831
 726       0.0000       1.0000       0.4037       0.9832
 727       0.0000       1.0000       0.4028       0.9832
 728       0.0000       1.0000       0.4046       0.9831
 729       0.0000       1.0000       0.4043       0.9832
 730       0.0000       1.0000       0.4047       0.9835
 731       0.0000       1.0000       0.4049       0.9834
 732       0.0000       1.0000       0.4070       0.9833
 733       0.0000       1.0000       0.4052       0.9836
 734       0.0000       1.0000       0.4075       0.9832
 735       0.0000       1.0000       0.4095       0.9832
 736       0.0000       1.0000       0.4098       0.9832
 737       0.0000       1.0000       0.4102       0.9829
 738       0.0000       1.0000       0.4112       0.9831
 739       0.0000       1.0000       0.4091       0.9835
 740       0.0000       1.0000       0.4100       0.9830
 741       0.0000       1.0000       0.4121       0.9832
 742       0.0000       1.0000       0.4121       0.9832
 743       0.0000       1.0000       0.4109       0.9837
 744       0.0000       1.0000       0.4123       0.9835
 745       0.0021       0.9998       0.6592       0.9731
 746       0.0168       0.9981       0.4662       0.9815
 747       0.0021       0.9995       0.4328       0.9810
 748       0.0013       0.9997       0.4312       0.9808
 749       0.0021       0.9996       0.4087       0.9809
 750       0.0013       0.9998       0.4249       0.9800
 751       0.0032       0.9994       0.4161       0.9813
 752       0.0026       0.9995       0.4342       0.9813
 753       0.0014       0.9997       0.3984       0.9822
 754       0.0003       0.9999       0.3870       0.9825
 755       0.0007       0.9999       0.3876       0.9823
 756       0.0034       0.9995       0.4155       0.9801
 757       0.0042       0.9994       0.4202       0.9806
 758       0.0031       0.9995       0.4256       0.9814
 759       0.0034       0.9994       0.4230       0.9817
 760       0.0027       0.9995       0.4465       0.9806
 761       0.0014       0.9998       0.4070       0.9808
 762       0.0011       0.9998       0.3885       0.9824
 763       0.0000       1.0000       0.3919       0.9822
 764       0.0000       1.0000       0.3916       0.9823
 765       0.0000       1.0000       0.3913       0.9823
 766       0.0000       1.0000       0.3911       0.9823
 767       0.0000       1.0000       0.3908       0.9823
 768       0.0000       1.0000       0.3905       0.9822
 769       0.0000       1.0000       0.3903       0.9823
 770       0.0000       1.0000       0.3900       0.9823
 771       0.0000       1.0000       0.3898       0.9823
 772       0.0000       1.0000       0.3895       0.9823
 773       0.0000       1.0000       0.3892       0.9824
 774       0.0000       1.0000       0.3890       0.9824
 775       0.0000       1.0000       0.3887       0.9824
 776       0.0000       1.0000       0.3884       0.9824
 777       0.0000       1.0000       0.3882       0.9824
 778       0.0000       1.0000       0.3879       0.9824
 779       0.0000       1.0000       0.3877       0.9824
 780       0.0000       1.0000       0.3874       0.9823
 781       0.0000       1.0000       0.3872       0.9823
 782       0.0000       1.0000       0.3870       0.9823
 783       0.0000       1.0000       0.3868       0.9824
 784       0.0000       1.0000       0.3867       0.9822
 785       0.0000       1.0000       0.3865       0.9822
 786       0.0000       1.0000       0.3864       0.9822
 787       0.0000       1.0000       0.3863       0.9821
 788       0.0000       1.0000       0.3862       0.9821
 789       0.0000       1.0000       0.3861       0.9821
 790       0.0000       1.0000       0.3861       0.9821
 791       0.0000       1.0000       0.3861       0.9821
 792       0.0000       1.0000       0.3861       0.9821
 793       0.0000       1.0000       0.3862       0.9822
 794       0.0000       1.0000       0.3864       0.9823
 795       0.0000       1.0000       0.3867       0.9823
 796       0.0000       1.0000       0.3871       0.9822
 797       0.0000       1.0000       0.3877       0.9823
 798       0.0000       1.0000       0.3885       0.9824
 799       0.0000       1.0000       0.3894       0.9824
 800       0.0000       1.0000       0.3905       0.9822
 801       0.0000       1.0000       0.3918       0.9823
 802       0.0000       1.0000       0.3929       0.9825
 803       0.0000       1.0000       0.3948       0.9823
 804       0.0000       1.0000       0.3959       0.9826
 805       0.0000       1.0000       0.3984       0.9826
 806       0.0000       1.0000       0.4001       0.9827
 807       0.0000       1.0000       0.4028       0.9827
 808       0.0000       1.0000       0.4043       0.9830
 809       0.0000       1.0000       0.4063       0.9829
 810       0.0000       1.0000       0.4073       0.9831
 811       0.0000       1.0000       0.4095       0.9828
 812       0.0000       1.0000       0.4107       0.9828
 813       0.0000       1.0000       0.4119       0.9826
 814       0.0000       1.0000       0.4127       0.9829
 815       0.0000       1.0000       0.4140       0.9830
 816       0.0000       1.0000       0.4154       0.9828
 817       0.0000       1.0000       0.4170       0.9830
 818       0.0000       1.0000       0.4180       0.9830
 819       0.0139       0.9986       0.5507       0.9804
 820       0.0053       0.9993       0.4936       0.9799
 821       0.0018       0.9997       0.5037       0.9809
 822       0.0014       0.9998       0.4829       0.9821
 823       0.0019       0.9996       0.4745       0.9806
 824       0.0034       0.9995       0.4662       0.9823
 825       0.0042       0.9994       0.4553       0.9809
 826       0.0007       0.9998       0.4143       0.9825
 827       0.0009       0.9998       0.4249       0.9826
 828       0.0013       0.9997       0.4736       0.9786
 829       0.0014       0.9997       0.4671       0.9803
 830       0.0021       0.9996       0.4567       0.9811
 831       0.0009       0.9999       0.4572       0.9803
 832       0.0036       0.9995       0.4077       0.9814
 833       0.0030       0.9996       0.4505       0.9808
 834       0.0026       0.9996       0.4493       0.9815
 835       0.0002       1.0000       0.4375       0.9816
 836       0.0000       1.0000       0.4359       0.9818
 837       0.0000       1.0000       0.4357       0.9819
 838       0.0000       1.0000       0.4356       0.9819
 839       0.0000       1.0000       0.4354       0.9819
 840       0.0000       1.0000       0.4353       0.9819
 841       0.0000       1.0000       0.4351       0.9820
 842       0.0000       1.0000       0.4349       0.9820
 843       0.0000       1.0000       0.4347       0.9820
 844       0.0000       1.0000       0.4345       0.9821
 845       0.0000       1.0000       0.4342       0.9822
 846       0.0000       1.0000       0.4339       0.9822
 847       0.0000       1.0000       0.4337       0.9822
 848       0.0000       1.0000       0.4334       0.9821
 849       0.0000       1.0000       0.4331       0.9821
 850       0.0000       1.0000       0.4328       0.9820
 851       0.0000       1.0000       0.4324       0.9820
 852       0.0000       1.0000       0.4321       0.9820
 853       0.0000       1.0000       0.4317       0.9820
 854       0.0000       1.0000       0.4313       0.9820
 855       0.0000       1.0000       0.4309       0.9820
 856       0.0000       1.0000       0.4306       0.9820
 857       0.0000       1.0000       0.4303       0.9820
 858       0.0000       1.0000       0.4299       0.9820
 859       0.0000       1.0000       0.4296       0.9820
 860       0.0000       1.0000       0.4293       0.9820
 861       0.0000       1.0000       0.4289       0.9820
 862       0.0000       1.0000       0.4286       0.9820
 863       0.0000       1.0000       0.4285       0.9819
 864       0.0000       1.0000       0.4283       0.9819
 865       0.0000       1.0000       0.4282       0.9820
 866       0.0000       1.0000       0.4280       0.9821
 867       0.0000       1.0000       0.4280       0.9821
 868       0.0000       1.0000       0.4280       0.9821
 869       0.0000       1.0000       0.4281       0.9821
 870       0.0000       1.0000       0.4282       0.9823
 871       0.0000       1.0000       0.4286       0.9824
 872       0.0000       1.0000       0.4289       0.9824
 873       0.0000       1.0000       0.4295       0.9826
 874       0.0000       1.0000       0.4305       0.9825
 875       0.0000       1.0000       0.4305       0.9824
 876       0.0000       1.0000       0.4312       0.9823
 877       0.0000       1.0000       0.4321       0.9826
 878       0.0000       1.0000       0.4329       0.9826
 879       0.0000       1.0000       0.4340       0.9828
 880       0.0000       1.0000       0.4348       0.9827
 881       0.0000       1.0000       0.4358       0.9828
 882       0.0000       1.0000       0.4367       0.9827
 883       0.0000       1.0000       0.4369       0.9828
 884       0.0000       1.0000       0.4375       0.9828
 885       0.0000       1.0000       0.4385       0.9829
 886       0.0000       1.0000       0.4385       0.9829
 887       0.0000       1.0000       0.4386       0.9830
 888       0.0000       1.0000       0.4392       0.9831
 889       0.0000       1.0000       0.4401       0.9832
 890       0.0000       1.0000       0.4399       0.9832
 891       0.0000       1.0000       0.4398       0.9831
 892       0.0000       1.0000       0.4402       0.9830
 893       0.0000       1.0000       0.4409       0.9830
 894       0.0000       1.0000       0.4405       0.9830
 895       0.0000       1.0000       0.4412       0.9829
 896       0.0000       1.0000       0.4409       0.9830
 897       0.0000       1.0000       0.4405       0.9829
 898       0.0000       1.0000       0.4412       0.9830
 899       0.0000       1.0000       0.4411       0.9831
 900       0.0000       1.0000       0.4409       0.9831
 901       0.0000       1.0000       0.4413       0.9835
 902       0.0000       1.0000       0.4414       0.9838
 903       0.0000       1.0000       0.4405       0.9834
 904       0.0000       1.0000       0.4401       0.9839
 905       0.0000       1.0000       0.4409       0.9838
 906       0.0000       1.0000       0.4407       0.9840
 907       0.0000       1.0000       0.4392       0.9842
 908       0.0000       1.0000       0.4405       0.9840
 909       0.0000       1.0000       0.4584       0.9820
 910       0.0180       0.9980       0.5310       0.9795
 911       0.0018       0.9996       0.4999       0.9813
 912       0.0017       0.9996       0.4766       0.9810
 913       0.0004       0.9999       0.4783       0.9812
 914       0.0017       0.9996       0.4759       0.9819
 915       0.0028       0.9996       0.4506       0.9812
 916       0.0032       0.9995       0.4734       0.9805
 917       0.0033       0.9995       0.4645       0.9812
 918       0.0007       0.9998       0.3989       0.9838
 919       0.0000       1.0000       0.4114       0.9835
 920       0.0006       0.9998       0.4637       0.9816
 921       0.0036       0.9995       0.4623       0.9822
 922       0.0045       0.9995       0.4330       0.9827
 923       0.0034       0.9996       0.4338       0.9818
 924       0.0006       0.9998       0.3978       0.9837
 925       0.0003       0.9999       0.4039       0.9834
 926       0.0019       0.9998       0.4347       0.9830
 927       0.0057       0.9993       0.4811       0.9823
 928       0.0042       0.9995       0.4254       0.9838
 929       0.0005       0.9999       0.4084       0.9842
 930       0.0000       1.0000       0.4058       0.9845
 931       0.0000       1.0000       0.4057       0.9845
 932       0.0000       1.0000       0.4057       0.9845
 933       0.0000       1.0000       0.4056       0.9845
 934       0.0000       1.0000       0.4056       0.9845
 935       0.0000       1.0000       0.4055       0.9845
 936       0.0000       1.0000       0.4054       0.9845
 937       0.0000       1.0000       0.4053       0.9844
 938       0.0000       1.0000       0.4052       0.9844
 939       0.0000       1.0000       0.4052       0.9845
 940       0.0000       1.0000       0.4052       0.9845
 941       0.0000       1.0000       0.4051       0.9845
 942       0.0000       1.0000       0.4050       0.9845
 943       0.0000       1.0000       0.4049       0.9846
 944       0.0000       1.0000       0.4049       0.9846
 945       0.0000       1.0000       0.4048       0.9846
 946       0.0000       1.0000       0.4047       0.9846
 947       0.0000       1.0000       0.4047       0.9846
 948       0.0000       1.0000       0.4047       0.9847
 949       0.0000       1.0000       0.4046       0.9847
 950       0.0000       1.0000       0.4047       0.9847
 951       0.0000       1.0000       0.4047       0.9848
 952       0.0000       1.0000       0.4046       0.9848
 953       0.0000       1.0000       0.4047       0.9848
 954       0.0000       1.0000       0.4047       0.9847
 955       0.0000       1.0000       0.4049       0.9847
 956       0.0000       1.0000       0.4050       0.9847
 957       0.0000       1.0000       0.4051       0.9847
 958       0.0000       1.0000       0.4052       0.9847
 959       0.0000       1.0000       0.4054       0.9848
 960       0.0000       1.0000       0.4058       0.9848
 961       0.0000       1.0000       0.4061       0.9848
 962       0.0000       1.0000       0.4066       0.9848
 963       0.0000       1.0000       0.4071       0.9848
 964       0.0000       1.0000       0.4079       0.9849
 965       0.0000       1.0000       0.4087       0.9850
 966       0.0000       1.0000       0.4095       0.9852
 967       0.0000       1.0000       0.4108       0.9852
 968       0.0000       1.0000       0.4126       0.9850
 969       0.0000       1.0000       0.4141       0.9848
 970       0.0000       1.0000       0.4152       0.9849
 971       0.0000       1.0000       0.4170       0.9847
 972       0.0000       1.0000       0.4184       0.9847
 973       0.0000       1.0000       0.4202       0.9847
 974       0.0000       1.0000       0.4212       0.9844
 975       0.0000       1.0000       0.4226       0.9844
 976       0.0000       1.0000       0.4242       0.9844
 977       0.0000       1.0000       0.4254       0.9842
 978       0.0000       1.0000       0.4269       0.9844
 979       0.0000       1.0000       0.4268       0.9845
 980       0.0000       1.0000       0.4290       0.9840
 981       0.0000       1.0000       0.4281       0.9843
 982       0.0000       1.0000       0.4315       0.9841
 983       0.0000       1.0000       0.4313       0.9844
 984       0.0000       1.0000       0.4328       0.9843
 985       0.0000       1.0000       0.4312       0.9841
 986       0.0000       1.0000       0.4332       0.9843
 987       0.0000       1.0000       0.4333       0.9840
 988       0.0000       1.0000       0.4344       0.9841
 989       0.0000       1.0000       0.4337       0.9847
 990       0.0028       0.9998       0.5043       0.9815
 991       0.0115       0.9988       0.4522       0.9818
 992       0.0026       0.9996       0.4676       0.9813
 993       0.0030       0.9997       0.4549       0.9808
 994       0.0004       0.9998       0.4676       0.9810
 995       0.0002       0.9999       0.4681       0.9814
 996       0.0005       0.9999       0.4281       0.9827
 997       0.0002       0.9999       0.4329       0.9819
 998       0.0000       1.0000       0.4342       0.9818
 999       0.0000       1.0000       0.4342       0.9818
