   0       0.8797       0.7983       0.4162       0.8905
   1       0.3910       0.8986       0.3397       0.9100
   2       0.3360       0.9104       0.3168       0.9104
   3       0.3245       0.9100       0.3086       0.9134
   4       0.3062       0.9138       0.2814       0.9178
   5       0.3013       0.9139       0.2898       0.9159
   6       0.2958       0.9153       0.2930       0.9164
   7       0.2946       0.9143       0.2688       0.9225
   8       0.2805       0.9175       0.2807       0.9155
   9       0.2874       0.9157       0.2914       0.9132
  10       0.2909       0.9121       0.2749       0.9174
  11       0.2762       0.9171       0.2618       0.9169
  12       0.2696       0.9194       0.2739       0.9179
  13       0.2663       0.9195       0.2775       0.9155
  14       0.2655       0.9193       0.2694       0.9207
  15       0.2561       0.9233       0.2473       0.9234
  16       0.2656       0.9184       0.2629       0.9178
  17       0.2631       0.9196       0.2497       0.9235
  18       0.2607       0.9201       0.2761       0.9111
  19       0.2690       0.9182       0.2911       0.9088
  20       0.2704       0.9173       0.2733       0.9148
  21       0.2678       0.9186       0.2554       0.9202
  22       0.2445       0.9250       0.2465       0.9240
  23       0.2524       0.9219       0.2757       0.9148
  24       0.2635       0.9181       0.2627       0.9187
  25       0.2475       0.9244       0.2351       0.9260
  26       0.2450       0.9247       0.2604       0.9208
  27       0.2644       0.9169       0.2601       0.9195
  28       0.2684       0.9167       0.2944       0.9058
  29       0.2641       0.9183       0.2666       0.9172
  30       0.2505       0.9226       0.2614       0.9190
  31       0.2482       0.9212       0.2513       0.9199
  32       0.2433       0.9231       0.2368       0.9259
  33       0.2333       0.9274       0.2470       0.9220
  34       0.2372       0.9253       0.2383       0.9239
  35       0.2302       0.9280       0.2236       0.9304
  36       0.2270       0.9292       0.2270       0.9258
  37       0.2289       0.9292       0.2358       0.9263
  38       0.2312       0.9278       0.2165       0.9330
  39       0.2296       0.9271       0.2316       0.9280
  40       0.2202       0.9319       0.2586       0.9193
  41       0.2224       0.9319       0.2210       0.9318
  42       0.2167       0.9323       0.2072       0.9352
  43       0.2113       0.9339       0.2370       0.9253
  44       0.2160       0.9324       0.2188       0.9337
  45       0.2120       0.9328       0.2293       0.9297
  46       0.2174       0.9319       0.2400       0.9267
  47       0.2191       0.9308       0.2218       0.9285
  48       0.2083       0.9341       0.2204       0.9287
  49       0.2118       0.9334       0.2268       0.9292
  50       0.2072       0.9353       0.2330       0.9291
  51       0.2041       0.9356       0.2251       0.9301
  52       0.2003       0.9365       0.2152       0.9343
  53       0.1961       0.9388       0.2090       0.9353
  54       0.1973       0.9383       0.2047       0.9371
  55       0.1978       0.9380       0.2172       0.9315
  56       0.1995       0.9370       0.2056       0.9376
  57       0.1989       0.9379       0.2079       0.9353
  58       0.1969       0.9388       0.2063       0.9346
  59       0.1985       0.9388       0.2127       0.9324
  60       0.1994       0.9385       0.2044       0.9364
  61       0.1889       0.9405       0.1986       0.9379
  62       0.1913       0.9403       0.2057       0.9379
  63       0.1893       0.9406       0.1926       0.9388
  64       0.1840       0.9431       0.1992       0.9373
  65       0.1829       0.9431       0.1864       0.9429
  66       0.1777       0.9449       0.1846       0.9438
  67       0.1782       0.9448       0.1890       0.9412
  68       0.1875       0.9415       0.2002       0.9374
  69       0.1833       0.9421       0.1833       0.9430
  70       0.1815       0.9432       0.1927       0.9379
  71       0.1852       0.9424       0.2040       0.9382
  72       0.1857       0.9414       0.1884       0.9407
  73       0.1802       0.9436       0.1928       0.9397
  74       0.1777       0.9437       0.1902       0.9419
  75       0.1845       0.9421       0.1874       0.9440
  76       0.1763       0.9445       0.1914       0.9432
  77       0.1810       0.9429       0.1917       0.9396
  78       0.1773       0.9447       0.1912       0.9414
  79       0.1702       0.9471       0.1863       0.9428
  80       0.1839       0.9423       0.1920       0.9400
  81       0.1796       0.9428       0.1814       0.9433
  82       0.1668       0.9466       0.1827       0.9443
  83       0.1744       0.9445       0.1874       0.9410
  84       0.1760       0.9449       0.1835       0.9439
  85       0.1740       0.9455       0.1897       0.9405
  86       0.1721       0.9457       0.1793       0.9441
  87       0.1708       0.9450       0.1761       0.9457
  88       0.1700       0.9457       0.1864       0.9403
  89       0.1732       0.9456       0.1759       0.9462
  90       0.1707       0.9465       0.1773       0.9446
  91       0.1679       0.9471       0.1800       0.9417
  92       0.1710       0.9462       0.1764       0.9435
  93       0.1721       0.9461       0.1813       0.9431
  94       0.1688       0.9470       0.1797       0.9441
  95       0.1649       0.9480       0.1718       0.9451
  96       0.1638       0.9485       0.1767       0.9450
  97       0.1668       0.9466       0.1806       0.9429
  98       0.1684       0.9472       0.1769       0.9443
  99       0.1707       0.9470       0.1778       0.9449
 100       0.1620       0.9491       0.1809       0.9443
 101       0.1695       0.9470       0.1836       0.9443
 102       0.1599       0.9493       0.1644       0.9482
 103       0.1575       0.9496       0.1675       0.9462
 104       0.1595       0.9502       0.1791       0.9453
 105       0.1653       0.9477       0.1761       0.9443
 106       0.1638       0.9482       0.1656       0.9495
 107       0.1565       0.9503       0.1602       0.9483
 108       0.1525       0.9523       0.1639       0.9450
 109       0.1497       0.9518       0.1638       0.9473
 110       0.1585       0.9503       0.1694       0.9474
 111       0.1584       0.9497       0.1676       0.9503
 112       0.1638       0.9475       0.1753       0.9461
 113       0.1609       0.9495       0.1624       0.9495
 114       0.1526       0.9515       0.1631       0.9476
 115       0.1521       0.9510       0.1675       0.9471
 116       0.1549       0.9508       0.1776       0.9445
 117       0.1535       0.9513       0.1747       0.9438
 118       0.1568       0.9503       0.1739       0.9447
 119       0.1575       0.9496       0.1663       0.9480
 120       0.1566       0.9499       0.1708       0.9473
 121       0.1512       0.9520       0.1644       0.9483
 122       0.1480       0.9524       0.1610       0.9521
 123       0.1446       0.9540       0.1570       0.9492
 124       0.1415       0.9545       0.1682       0.9468
 125       0.1481       0.9528       0.1657       0.9484
 126       0.1499       0.9518       0.1679       0.9467
 127       0.1468       0.9537       0.1624       0.9503
 128       0.1490       0.9528       0.1718       0.9460
 129       0.1509       0.9518       0.1806       0.9434
 130       0.1492       0.9524       0.1720       0.9479
 131       0.1514       0.9521       0.1680       0.9487
 132       0.1445       0.9536       0.1672       0.9472
 133       0.1425       0.9544       0.1630       0.9476
 134       0.1468       0.9537       0.1580       0.9506
 135       0.1460       0.9535       0.1601       0.9495
 136       0.1449       0.9541       0.1589       0.9490
 137       0.1430       0.9542       0.1588       0.9501
 138       0.1398       0.9554       0.1601       0.9499
 139       0.1448       0.9536       0.1597       0.9497
 140       0.1403       0.9553       0.1572       0.9510
 141       0.1380       0.9564       0.1565       0.9507
 142       0.1381       0.9560       0.1555       0.9529
 143       0.1357       0.9568       0.1569       0.9533
 144       0.1367       0.9563       0.1496       0.9547
 145       0.1330       0.9578       0.1481       0.9566
 146       0.1382       0.9567       0.1552       0.9535
 147       0.1380       0.9574       0.1575       0.9508
 148       0.1348       0.9585       0.1469       0.9540
 149       0.1286       0.9602       0.1468       0.9549
 150       0.1313       0.9585       0.1523       0.9517
 151       0.1378       0.9563       0.1590       0.9488
 152       0.1338       0.9575       0.1567       0.9522
 153       0.1399       0.9553       0.1676       0.9462
 154       0.1342       0.9575       0.1642       0.9491
 155       0.1312       0.9580       0.1572       0.9517
 156       0.1274       0.9602       0.1536       0.9518
 157       0.1305       0.9586       0.1573       0.9499
 158       0.1322       0.9576       0.1580       0.9517
 159       0.1319       0.9579       0.1542       0.9513
 160       0.1308       0.9580       0.1526       0.9528
 161       0.1315       0.9585       0.1543       0.9531
 162       0.1269       0.9590       0.1467       0.9545
 163       0.1280       0.9592       0.1485       0.9550
 164       0.1276       0.9590       0.1504       0.9526
 165       0.1275       0.9603       0.1523       0.9533
 166       0.1250       0.9609       0.1450       0.9533
 167       0.1232       0.9600       0.1540       0.9490
 168       0.1254       0.9596       0.1452       0.9549
 169       0.1335       0.9580       0.1553       0.9532
 170       0.1331       0.9577       0.1464       0.9554
 171       0.1276       0.9597       0.1521       0.9535
 172       0.1267       0.9599       0.1571       0.9532
 173       0.1289       0.9591       0.1554       0.9539
 174       0.1313       0.9580       0.1509       0.9532
 175       0.1307       0.9582       0.1529       0.9526
 176       0.1243       0.9607       0.1503       0.9512
 177       0.1239       0.9617       0.1495       0.9523
 178       0.1345       0.9578       0.1531       0.9498
 179       0.1276       0.9602       0.1375       0.9568
 180       0.1245       0.9613       0.1371       0.9574
 181       0.1228       0.9617       0.1414       0.9554
 182       0.1186       0.9621       0.1383       0.9570
 183       0.1181       0.9633       0.1355       0.9588
 184       0.1168       0.9632       0.1358       0.9588
 185       0.1132       0.9636       0.1380       0.9577
 186       0.1135       0.9645       0.1383       0.9571
 187       0.1171       0.9631       0.1371       0.9570
 188       0.1175       0.9630       0.1399       0.9548
 189       0.1147       0.9634       0.1369       0.9599
 190       0.1147       0.9646       0.1317       0.9595
 191       0.1119       0.9650       0.1333       0.9572
 192       0.1116       0.9649       0.1350       0.9579
 193       0.1162       0.9631       0.1338       0.9582
 194       0.1169       0.9636       0.1312       0.9580
 195       0.1109       0.9650       0.1351       0.9569
 196       0.1141       0.9642       0.1460       0.9532
 197       0.1187       0.9622       0.1469       0.9541
 198       0.1211       0.9621       0.1443       0.9555
 199       0.1220       0.9616       0.1402       0.9550
 200       0.1215       0.9616       0.1451       0.9546
 201       0.1219       0.9613       0.1405       0.9568
 202       0.1180       0.9632       0.1468       0.9539
 203       0.1167       0.9629       0.1379       0.9565
 204       0.1149       0.9639       0.1426       0.9552
 205       0.1142       0.9641       0.1401       0.9568
 206       0.1117       0.9649       0.1454       0.9551
 207       0.1080       0.9651       0.1371       0.9582
 208       0.1070       0.9661       0.1381       0.9566
 209       0.1109       0.9650       0.1432       0.9532
 210       0.1106       0.9651       0.1410       0.9569
 211       0.1124       0.9644       0.1357       0.9560
 212       0.1103       0.9661       0.1341       0.9597
 213       0.1114       0.9652       0.1392       0.9560
 214       0.1101       0.9656       0.1387       0.9569
 215       0.1102       0.9648       0.1411       0.9565
 216       0.1096       0.9658       0.1358       0.9560
 217       0.1119       0.9645       0.1387       0.9568
 218       0.1132       0.9638       0.1408       0.9554
 219       0.1154       0.9622       0.1326       0.9582
 220       0.1097       0.9647       0.1312       0.9578
 221       0.1099       0.9654       0.1371       0.9557
 222       0.1134       0.9645       0.1473       0.9519
 223       0.1160       0.9621       0.1466       0.9534
 224       0.1120       0.9647       0.1404       0.9558
 225       0.1149       0.9632       0.1365       0.9562
 226       0.1128       0.9638       0.1326       0.9568
 227       0.1151       0.9637       0.1329       0.9579
 228       0.1145       0.9638       0.1342       0.9578
 229       0.1145       0.9633       0.1323       0.9592
 230       0.1135       0.9642       0.1388       0.9564
 231       0.1100       0.9648       0.1340       0.9575
 232       0.1125       0.9648       0.1350       0.9585
 233       0.1081       0.9655       0.1374       0.9575
 234       0.1081       0.9651       0.1317       0.9591
 235       0.1085       0.9651       0.1317       0.9593
 236       0.1071       0.9663       0.1278       0.9613
 237       0.1058       0.9660       0.1333       0.9584
 238       0.1109       0.9641       0.1325       0.9583
 239       0.1065       0.9661       0.1239       0.9605
 240       0.1050       0.9668       0.1294       0.9605
 241       0.1067       0.9664       0.1324       0.9575
 242       0.1102       0.9648       0.1328       0.9595
 243       0.1092       0.9652       0.1236       0.9609
 244       0.1103       0.9653       0.1288       0.9594
 245       0.1097       0.9647       0.1247       0.9595
 246       0.1099       0.9658       0.1288       0.9602
 247       0.1091       0.9660       0.1260       0.9600
 248       0.1154       0.9636       0.1410       0.9546
 249       0.1109       0.9649       0.1298       0.9584
 250       0.1065       0.9667       0.1348       0.9580
 251       0.1055       0.9656       0.1347       0.9590
 252       0.1058       0.9661       0.1322       0.9578
 253       0.1099       0.9650       0.1355       0.9574
 254       0.1098       0.9656       0.1253       0.9608
 255       0.1082       0.9653       0.1247       0.9603
 256       0.1094       0.9654       0.1301       0.9592
 257       0.1088       0.9651       0.1252       0.9601
 258       0.1060       0.9664       0.1287       0.9606
 259       0.1043       0.9668       0.1292       0.9605
 260       0.1052       0.9661       0.1291       0.9594
 261       0.1053       0.9669       0.1222       0.9603
 262       0.1053       0.9668       0.1207       0.9610
 263       0.1013       0.9677       0.1199       0.9596
 264       0.1015       0.9677       0.1244       0.9589
 265       0.1010       0.9675       0.1276       0.9592
 266       0.1011       0.9682       0.1280       0.9601
 267       0.0981       0.9691       0.1231       0.9592
 268       0.0968       0.9698       0.1182       0.9622
 269       0.0963       0.9700       0.1191       0.9623
 270       0.0984       0.9679       0.1213       0.9610
 271       0.0996       0.9681       0.1208       0.9628
 272       0.0966       0.9691       0.1175       0.9635
 273       0.0972       0.9687       0.1259       0.9615
 274       0.0973       0.9694       0.1222       0.9625
 275       0.0957       0.9698       0.1237       0.9616
 276       0.0961       0.9696       0.1194       0.9613
 277       0.0919       0.9708       0.1226       0.9617
 278       0.0934       0.9701       0.1145       0.9632
 279       0.0947       0.9700       0.1157       0.9629
 280       0.0927       0.9702       0.1118       0.9649
 281       0.0909       0.9708       0.1187       0.9622
 282       0.0919       0.9712       0.1165       0.9626
 283       0.0940       0.9701       0.1126       0.9643
 284       0.0982       0.9686       0.1136       0.9629
 285       0.0976       0.9690       0.1192       0.9633
 286       0.0954       0.9699       0.1138       0.9636
 287       0.0940       0.9700       0.1134       0.9643
 288       0.0955       0.9703       0.1193       0.9610
 289       0.0971       0.9695       0.1189       0.9616
 290       0.0920       0.9711       0.1133       0.9641
 291       0.0884       0.9724       0.1111       0.9642
 292       0.0885       0.9714       0.1147       0.9643
 293       0.0900       0.9714       0.1161       0.9634
 294       0.0908       0.9709       0.1168       0.9642
 295       0.0898       0.9714       0.1201       0.9641
 296       0.0879       0.9723       0.1149       0.9630
 297       0.0881       0.9723       0.1137       0.9638
 298       0.0881       0.9723       0.1173       0.9640
 299       0.0878       0.9723       0.1216       0.9641
 300       0.0901       0.9710       0.1197       0.9632
 301       0.0883       0.9718       0.1193       0.9634
 302       0.0869       0.9725       0.1157       0.9635
 303       0.0851       0.9730       0.1155       0.9648
 304       0.0844       0.9735       0.1157       0.9646
 305       0.0842       0.9732       0.1178       0.9628
 306       0.0833       0.9737       0.1174       0.9620
 307       0.0839       0.9725       0.1143       0.9628
 308       0.0846       0.9732       0.1165       0.9633
 309       0.0835       0.9736       0.1136       0.9646
 310       0.0840       0.9730       0.1170       0.9635
 311       0.0862       0.9726       0.1215       0.9619
 312       0.0885       0.9710       0.1227       0.9623
 313       0.0890       0.9710       0.1238       0.9612
 314       0.0897       0.9708       0.1212       0.9632
 315       0.0852       0.9730       0.1181       0.9623
 316       0.0840       0.9734       0.1177       0.9647
 317       0.0842       0.9729       0.1204       0.9634
 318       0.0838       0.9728       0.1192       0.9625
 319       0.0857       0.9719       0.1189       0.9610
 320       0.0854       0.9730       0.1178       0.9617
 321       0.0877       0.9719       0.1224       0.9598
 322       0.0900       0.9715       0.1175       0.9640
 323       0.0856       0.9729       0.1174       0.9634
 324       0.0852       0.9725       0.1190       0.9618
 325       0.0862       0.9724       0.1194       0.9601
 326       0.0875       0.9724       0.1233       0.9603
 327       0.0885       0.9709       0.1240       0.9603
 328       0.0872       0.9716       0.1221       0.9631
 329       0.0886       0.9710       0.1180       0.9624
 330       0.0887       0.9715       0.1228       0.9604
 331       0.0926       0.9704       0.1205       0.9636
 332       0.0917       0.9701       0.1209       0.9623
 333       0.0931       0.9696       0.1265       0.9612
 334       0.0940       0.9694       0.1262       0.9603
 335       0.0899       0.9708       0.1211       0.9629
 336       0.0936       0.9698       0.1258       0.9598
 337       0.0923       0.9696       0.1254       0.9618
 338       0.0937       0.9692       0.1262       0.9613
 339       0.0922       0.9701       0.1231       0.9619
 340       0.0918       0.9705       0.1227       0.9587
 341       0.0905       0.9706       0.1265       0.9604
 342       0.0894       0.9717       0.1247       0.9623
 343       0.0911       0.9711       0.1252       0.9594
 344       0.0917       0.9701       0.1255       0.9629
 345       0.0915       0.9707       0.1251       0.9622
 346       0.0897       0.9711       0.1217       0.9609
 347       0.0885       0.9717       0.1229       0.9622
 348       0.0879       0.9715       0.1196       0.9619
 349       0.0883       0.9715       0.1187       0.9642
 350       0.0905       0.9709       0.1183       0.9644
 351       0.0892       0.9705       0.1177       0.9640
 352       0.0907       0.9709       0.1180       0.9638
 353       0.0862       0.9719       0.1179       0.9629
 354       0.0872       0.9718       0.1211       0.9635
 355       0.0858       0.9722       0.1130       0.9664
 356       0.0870       0.9721       0.1160       0.9646
 357       0.0873       0.9722       0.1163       0.9645
 358       0.0884       0.9720       0.1200       0.9627
 359       0.0890       0.9715       0.1194       0.9622
 360       0.0873       0.9720       0.1171       0.9642
 361       0.0851       0.9725       0.1173       0.9641
 362       0.0860       0.9728       0.1189       0.9654
 363       0.0871       0.9724       0.1181       0.9645
 364       0.0874       0.9719       0.1213       0.9626
 365       0.0896       0.9710       0.1189       0.9643
 366       0.0897       0.9710       0.1181       0.9647
 367       0.0912       0.9708       0.1186       0.9623
 368       0.0894       0.9709       0.1148       0.9632
 369       0.0849       0.9729       0.1092       0.9670
 370       0.0823       0.9730       0.1149       0.9649
 371       0.0837       0.9729       0.1124       0.9672
 372       0.0849       0.9725       0.1122       0.9665
 373       0.0854       0.9731       0.1135       0.9665
 374       0.0861       0.9721       0.1110       0.9669
 375       0.0878       0.9713       0.1126       0.9670
 376       0.0873       0.9722       0.1209       0.9637
 377       0.0850       0.9724       0.1199       0.9634
 378       0.0869       0.9719       0.1229       0.9625
 379       0.0877       0.9718       0.1164       0.9645
 380       0.0870       0.9718       0.1221       0.9610
 381       0.0868       0.9717       0.1162       0.9637
 382       0.0855       0.9720       0.1162       0.9636
 383       0.0832       0.9728       0.1130       0.9640
 384       0.0824       0.9737       0.1146       0.9644
 385       0.0824       0.9732       0.1102       0.9671
 386       0.0796       0.9741       0.1117       0.9665
 387       0.0806       0.9740       0.1108       0.9662
 388       0.0791       0.9742       0.1117       0.9656
 389       0.0767       0.9749       0.1124       0.9660
 390       0.0793       0.9746       0.1165       0.9633
 391       0.0768       0.9754       0.1166       0.9657
 392       0.0765       0.9747       0.1149       0.9652
 393       0.0802       0.9735       0.1117       0.9653
 394       0.0814       0.9740       0.1149       0.9645
 395       0.0825       0.9736       0.1119       0.9659
 396       0.0815       0.9740       0.1129       0.9655
 397       0.0817       0.9733       0.1113       0.9655
 398       0.0798       0.9744       0.1109       0.9667
 399       0.0787       0.9745       0.1117       0.9673
 400       0.0790       0.9748       0.1079       0.9654
 401       0.0796       0.9747       0.1127       0.9642
 402       0.0801       0.9739       0.1079       0.9651
 403       0.0794       0.9740       0.1087       0.9658
 404       0.0817       0.9738       0.1132       0.9629
 405       0.0864       0.9717       0.1218       0.9614
 406       0.0846       0.9720       0.1155       0.9620
 407       0.0815       0.9738       0.1191       0.9626
 408       0.0812       0.9735       0.1158       0.9636
 409       0.0802       0.9745       0.1093       0.9663
 410       0.0768       0.9749       0.1086       0.9652
 411       0.0798       0.9744       0.1136       0.9635
 412       0.0798       0.9737       0.1147       0.9648
 413       0.0791       0.9741       0.1115       0.9649
 414       0.0797       0.9743       0.1118       0.9653
 415       0.0809       0.9737       0.1092       0.9661
 416       0.0801       0.9741       0.1138       0.9653
 417       0.0802       0.9739       0.1133       0.9659
 418       0.0804       0.9739       0.1146       0.9652
 419       0.0799       0.9734       0.1142       0.9644
 420       0.0774       0.9747       0.1089       0.9680
 421       0.0765       0.9751       0.1035       0.9684
 422       0.0776       0.9744       0.1036       0.9688
 423       0.0772       0.9753       0.1048       0.9669
 424       0.0771       0.9750       0.1082       0.9670
 425       0.0788       0.9747       0.1089       0.9664
 426       0.0774       0.9747       0.1121       0.9673
 427       0.0772       0.9743       0.1074       0.9667
 428       0.0786       0.9744       0.1081       0.9690
 429       0.0762       0.9751       0.1067       0.9677
 430       0.0743       0.9753       0.1059       0.9681
 431       0.0724       0.9768       0.1101       0.9674
 432       0.0724       0.9767       0.1067       0.9685
 433       0.0734       0.9760       0.1064       0.9672
 434       0.0762       0.9753       0.1095       0.9669
 435       0.0774       0.9749       0.1128       0.9642
 436       0.0756       0.9763       0.1122       0.9655
 437       0.0745       0.9755       0.1102       0.9664
 438       0.0749       0.9755       0.1062       0.9677
 439       0.0761       0.9752       0.1096       0.9678
 440       0.0761       0.9752       0.1131       0.9653
 441       0.0778       0.9747       0.1089       0.9667
 442       0.0773       0.9746       0.1085       0.9676
 443       0.0770       0.9744       0.1097       0.9671
 444       0.0747       0.9761       0.1078       0.9668
 445       0.0740       0.9758       0.1089       0.9673
 446       0.0765       0.9747       0.1079       0.9678
 447       0.0767       0.9751       0.1105       0.9676
 448       0.0802       0.9742       0.1113       0.9671
 449       0.0804       0.9733       0.1134       0.9643
 450       0.0783       0.9744       0.1092       0.9667
 451       0.0780       0.9742       0.1126       0.9686
 452       0.0776       0.9747       0.1097       0.9683
 453       0.0776       0.9747       0.1067       0.9694
 454       0.0749       0.9754       0.1070       0.9692
 455       0.0768       0.9753       0.1119       0.9666
 456       0.0763       0.9751       0.1021       0.9673
 457       0.0746       0.9757       0.1090       0.9659
 458       0.0752       0.9757       0.1135       0.9666
 459       0.0759       0.9754       0.1120       0.9667
 460       0.0734       0.9761       0.1102       0.9666
 461       0.0719       0.9764       0.1092       0.9663
 462       0.0725       0.9765       0.1105       0.9641
 463       0.0721       0.9769       0.1124       0.9663
 464       0.0738       0.9760       0.1111       0.9653
 465       0.0778       0.9744       0.1148       0.9646
 466       0.0808       0.9741       0.1135       0.9656
 467       0.0788       0.9744       0.1161       0.9650
 468       0.0777       0.9750       0.1151       0.9641
 469       0.0766       0.9757       0.1107       0.9653
 470       0.0747       0.9763       0.1096       0.9655
 471       0.0737       0.9769       0.1111       0.9658
 472       0.0750       0.9761       0.1077       0.9656
 473       0.0746       0.9764       0.1128       0.9645
 474       0.0749       0.9755       0.1089       0.9668
 475       0.0733       0.9760       0.1027       0.9671
 476       0.0716       0.9768       0.1026       0.9680
 477       0.0704       0.9775       0.1010       0.9670
 478       0.0704       0.9774       0.1043       0.9664
 479       0.0707       0.9774       0.1072       0.9661
 480       0.0709       0.9768       0.1076       0.9662
 481       0.0702       0.9778       0.1100       0.9654
 482       0.0720       0.9761       0.1114       0.9652
 483       0.0732       0.9762       0.1135       0.9642
 484       0.0705       0.9773       0.1078       0.9673
 485       0.0705       0.9772       0.1151       0.9653
 486       0.0719       0.9764       0.1093       0.9664
 487       0.0690       0.9778       0.1038       0.9690
 488       0.0683       0.9779       0.1048       0.9677
 489       0.0668       0.9778       0.1037       0.9687
 490       0.0663       0.9782       0.1063       0.9683
 491       0.0651       0.9787       0.1014       0.9677
 492       0.0674       0.9779       0.1041       0.9684
 493       0.0685       0.9778       0.1049       0.9684
 494       0.0688       0.9771       0.1079       0.9660
 495       0.0704       0.9770       0.1096       0.9666
 496       0.0718       0.9762       0.1109       0.9674
 497       0.0718       0.9764       0.1114       0.9675
 498       0.0721       0.9759       0.1099       0.9674
 499       0.0734       0.9756       0.1099       0.9646
 500       0.0707       0.9769       0.1100       0.9667
 501       0.0718       0.9765       0.1092       0.9661
 502       0.0722       0.9764       0.1127       0.9657
 503       0.0706       0.9762       0.1022       0.9676
 504       0.0692       0.9779       0.1063       0.9677
 505       0.0688       0.9773       0.1051       0.9680
 506       0.0673       0.9782       0.1063       0.9668
 507       0.0681       0.9776       0.1040       0.9694
 508       0.0667       0.9784       0.1027       0.9696
 509       0.0655       0.9788       0.1035       0.9689
 510       0.0679       0.9777       0.1035       0.9688
 511       0.0704       0.9770       0.1063       0.9688
 512       0.0699       0.9770       0.0996       0.9715
 513       0.0696       0.9771       0.1046       0.9675
 514       0.0727       0.9764       0.1081       0.9649
 515       0.0710       0.9771       0.1077       0.9666
 516       0.0715       0.9768       0.1053       0.9666
 517       0.0697       0.9777       0.1080       0.9671
 518       0.0688       0.9778       0.1083       0.9676
 519       0.0680       0.9782       0.1108       0.9662
 520       0.0710       0.9772       0.1111       0.9658
 521       0.0723       0.9762       0.1157       0.9653
 522       0.0694       0.9769       0.1128       0.9656
 523       0.0687       0.9776       0.1159       0.9650
 524       0.0681       0.9779       0.1133       0.9657
 525       0.0674       0.9782       0.1139       0.9650
 526       0.0677       0.9776       0.1232       0.9619
 527       0.0698       0.9771       0.1178       0.9643
 528       0.0685       0.9778       0.1157       0.9661
 529       0.0699       0.9775       0.1145       0.9660
 530       0.0716       0.9769       0.1216       0.9647
 531       0.0752       0.9749       0.1223       0.9635
 532       0.0786       0.9737       0.1235       0.9645
 533       0.0772       0.9742       0.1172       0.9653
 534       0.0791       0.9747       0.1240       0.9624
 535       0.0828       0.9728       0.1217       0.9632
 536       0.0833       0.9728       0.1252       0.9622
 537       0.0810       0.9739       0.1225       0.9644
 538       0.0782       0.9750       0.1218       0.9653
 539       0.0767       0.9759       0.1216       0.9620
 540       0.0752       0.9752       0.1170       0.9660
 541       0.0749       0.9748       0.1150       0.9655
 542       0.0729       0.9759       0.1174       0.9642
 543       0.0739       0.9749       0.1128       0.9655
 544       0.0749       0.9750       0.1175       0.9634
 545       0.0740       0.9755       0.1133       0.9651
 546       0.0718       0.9758       0.1148       0.9640
 547       0.0714       0.9759       0.1136       0.9646
 548       0.0704       0.9768       0.1104       0.9663
 549       0.0686       0.9777       0.1134       0.9660
 550       0.0701       0.9768       0.1146       0.9659
 551       0.0702       0.9768       0.1166       0.9649
 552       0.0707       0.9766       0.1129       0.9645
 553       0.0712       0.9763       0.1139       0.9646
 554       0.0730       0.9754       0.1105       0.9661
 555       0.0757       0.9748       0.1159       0.9642
 556       0.0774       0.9747       0.1165       0.9643
 557       0.0764       0.9745       0.1172       0.9626
 558       0.0747       0.9753       0.1134       0.9677
 559       0.0729       0.9758       0.1141       0.9670
 560       0.0754       0.9741       0.1197       0.9645
 561       0.0765       0.9741       0.1125       0.9672
 562       0.0760       0.9741       0.1163       0.9655
 563       0.0778       0.9739       0.1156       0.9648
 564       0.0752       0.9746       0.1139       0.9666
 565       0.0736       0.9750       0.1201       0.9664
 566       0.0701       0.9761       0.1141       0.9653
 567       0.0711       0.9761       0.1172       0.9654
 568       0.0713       0.9765       0.1137       0.9666
 569       0.0723       0.9765       0.1195       0.9638
 570       0.0772       0.9742       0.1201       0.9646
 571       0.0767       0.9743       0.1177       0.9651
 572       0.0745       0.9756       0.1166       0.9668
 573       0.0741       0.9759       0.1169       0.9658
 574       0.0739       0.9754       0.1203       0.9663
 575       0.0735       0.9761       0.1185       0.9657
 576       0.0728       0.9760       0.1140       0.9675
 577       0.0707       0.9763       0.1109       0.9676
 578       0.0715       0.9764       0.1119       0.9652
 579       0.0732       0.9753       0.1151       0.9666
 580       0.0728       0.9761       0.1132       0.9668
 581       0.0729       0.9761       0.1142       0.9653
 582       0.0755       0.9756       0.1149       0.9667
 583       0.0790       0.9739       0.1152       0.9644
 584       0.0759       0.9750       0.1153       0.9645
 585       0.0777       0.9746       0.1156       0.9648
 586       0.0743       0.9755       0.1173       0.9668
 587       0.0799       0.9741       0.1194       0.9633
 588       0.0805       0.9732       0.1155       0.9647
 589       0.0792       0.9740       0.1153       0.9642
 590       0.0792       0.9740       0.1124       0.9665
 591       0.0769       0.9744       0.1134       0.9662
 592       0.0724       0.9757       0.1093       0.9666
 593       0.0701       0.9769       0.1141       0.9668
 594       0.0710       0.9768       0.1117       0.9666
 595       0.0700       0.9771       0.1147       0.9657
 596       0.0704       0.9768       0.1106       0.9670
 597       0.0696       0.9769       0.1081       0.9674
 598       0.0712       0.9771       0.1069       0.9674
 599       0.0686       0.9779       0.1045       0.9689
 600       0.0682       0.9778       0.1098       0.9663
 601       0.0702       0.9767       0.1103       0.9677
 602       0.0689       0.9777       0.1126       0.9661
 603       0.0710       0.9770       0.1154       0.9656
 604       0.0733       0.9760       0.1180       0.9644
 605       0.0732       0.9764       0.1174       0.9660
 606       0.0716       0.9766       0.1140       0.9663
 607       0.0690       0.9776       0.1168       0.9663
 608       0.0713       0.9768       0.1133       0.9666
 609       0.0715       0.9768       0.1157       0.9646
 610       0.0689       0.9778       0.1148       0.9664
 611       0.0711       0.9763       0.1106       0.9655
 612       0.0718       0.9766       0.1147       0.9676
 613       0.0729       0.9767       0.1175       0.9659
 614       0.0771       0.9746       0.1203       0.9631
 615       0.0804       0.9732       0.1252       0.9617
 616       0.0787       0.9739       0.1245       0.9632
 617       0.0778       0.9748       0.1240       0.9635
 618       0.0758       0.9749       0.1193       0.9645
 619       0.0741       0.9762       0.1188       0.9671
 620       0.0740       0.9757       0.1182       0.9651
 621       0.0757       0.9748       0.1169       0.9677
 622       0.0733       0.9759       0.1161       0.9656
 623       0.0718       0.9763       0.1150       0.9673
 624       0.0718       0.9765       0.1161       0.9655
 625       0.0703       0.9772       0.1163       0.9660
 626       0.0734       0.9757       0.1170       0.9643
 627       0.0737       0.9756       0.1167       0.9654
 628       0.0714       0.9762       0.1141       0.9663
 629       0.0714       0.9766       0.1163       0.9650
 630       0.0689       0.9772       0.1145       0.9643
 631       0.0705       0.9769       0.1141       0.9666
 632       0.0714       0.9758       0.1124       0.9655
 633       0.0681       0.9771       0.1129       0.9658
 634       0.0687       0.9776       0.1154       0.9660
 635       0.0684       0.9778       0.1145       0.9675
 636       0.0682       0.9782       0.1168       0.9657
 637       0.0698       0.9775       0.1190       0.9638
 638       0.0726       0.9767       0.1191       0.9650
 639       0.0708       0.9775       0.1135       0.9670
 640       0.0712       0.9765       0.1136       0.9668
 641       0.0723       0.9768       0.1140       0.9654
 642       0.0723       0.9764       0.1162       0.9666
 643       0.0737       0.9756       0.1191       0.9641
 644       0.0713       0.9767       0.1144       0.9668
 645       0.0703       0.9765       0.1132       0.9650
 646       0.0682       0.9778       0.1113       0.9656
 647       0.0690       0.9773       0.1119       0.9663
 648       0.0684       0.9775       0.1075       0.9680
 649       0.0687       0.9775       0.1122       0.9658
 650       0.0673       0.9780       0.1139       0.9661
 651       0.0681       0.9776       0.1183       0.9660
 652       0.0670       0.9780       0.1094       0.9671
 653       0.0676       0.9781       0.1074       0.9674
 654       0.0670       0.9785       0.1099       0.9657
 655       0.0664       0.9783       0.1071       0.9666
 656       0.0658       0.9786       0.1087       0.9667
 657       0.0667       0.9781       0.1076       0.9681
 658       0.0671       0.9780       0.1107       0.9665
 659       0.0694       0.9769       0.1080       0.9668
 660       0.0701       0.9772       0.1146       0.9665
 661       0.0698       0.9772       0.1171       0.9633
 662       0.0688       0.9773       0.1134       0.9656
 663       0.0680       0.9784       0.1155       0.9654
 664       0.0695       0.9772       0.1190       0.9639
 665       0.0679       0.9778       0.1134       0.9673
 666       0.0674       0.9781       0.1146       0.9667
 667       0.0681       0.9777       0.1191       0.9638
 668       0.0700       0.9768       0.1199       0.9640
 669       0.0681       0.9781       0.1140       0.9673
 670       0.0681       0.9779       0.1164       0.9667
 671       0.0676       0.9781       0.1122       0.9677
 672       0.0650       0.9784       0.1141       0.9664
 673       0.0651       0.9786       0.1081       0.9672
 674       0.0637       0.9796       0.1088       0.9669
 675       0.0616       0.9796       0.1071       0.9684
 676       0.0618       0.9801       0.1081       0.9677
 677       0.0624       0.9798       0.1085       0.9692
 678       0.0649       0.9788       0.1112       0.9678
 679       0.0673       0.9782       0.1148       0.9667
 680       0.0672       0.9777       0.1139       0.9668
 681       0.0655       0.9779       0.1120       0.9666
 682       0.0681       0.9778       0.1141       0.9663
 683       0.0688       0.9770       0.1161       0.9659
 684       0.0683       0.9772       0.1182       0.9642
 685       0.0673       0.9777       0.1165       0.9646
 686       0.0657       0.9781       0.1145       0.9650
 687       0.0650       0.9789       0.1122       0.9673
 688       0.0645       0.9789       0.1156       0.9646
 689       0.0662       0.9779       0.1150       0.9656
 690       0.0664       0.9783       0.1162       0.9644
 691       0.0659       0.9785       0.1129       0.9661
 692       0.0637       0.9795       0.1105       0.9663
 693       0.0636       0.9795       0.1154       0.9655
 694       0.0630       0.9795       0.1172       0.9652
 695       0.0631       0.9795       0.1119       0.9670
 696       0.0634       0.9793       0.1114       0.9660
 697       0.0614       0.9801       0.1195       0.9633
 698       0.0633       0.9795       0.1164       0.9662
 699       0.0662       0.9786       0.1226       0.9639
 700       0.0695       0.9768       0.1221       0.9645
 701       0.0659       0.9786       0.1180       0.9647
 702       0.0640       0.9785       0.1164       0.9648
 703       0.0648       0.9789       0.1175       0.9638
 704       0.0662       0.9782       0.1141       0.9649
 705       0.0692       0.9774       0.1130       0.9645
 706       0.0664       0.9782       0.1161       0.9655
 707       0.0668       0.9778       0.1136       0.9661
 708       0.0705       0.9770       0.1114       0.9653
 709       0.0672       0.9777       0.1127       0.9646
 710       0.0658       0.9783       0.1124       0.9673
 711       0.0633       0.9791       0.1119       0.9671
 712       0.0632       0.9797       0.1139       0.9647
 713       0.0646       0.9787       0.1096       0.9674
 714       0.0641       0.9793       0.1106       0.9672
 715       0.0648       0.9783       0.1144       0.9663
 716       0.0646       0.9793       0.1093       0.9682
 717       0.0648       0.9791       0.1132       0.9667
 718       0.0658       0.9786       0.1171       0.9643
 719       0.0673       0.9778       0.1178       0.9652
 720       0.0665       0.9781       0.1132       0.9672
 721       0.0657       0.9781       0.1141       0.9659
 722       0.0675       0.9777       0.1176       0.9633
 723       0.0674       0.9779       0.1143       0.9646
 724       0.0646       0.9782       0.1136       0.9647
 725       0.0646       0.9787       0.1132       0.9669
 726       0.0614       0.9796       0.1130       0.9664
 727       0.0589       0.9811       0.1174       0.9670
 728       0.0609       0.9798       0.1126       0.9664
 729       0.0611       0.9800       0.1142       0.9654
 730       0.0607       0.9801       0.1111       0.9668
 731       0.0621       0.9798       0.1215       0.9636
 732       0.0651       0.9785       0.1155       0.9658
 733       0.0631       0.9794       0.1143       0.9673
 734       0.0616       0.9795       0.1161       0.9636
 735       0.0633       0.9788       0.1136       0.9660
 736       0.0610       0.9797       0.1100       0.9665
 737       0.0620       0.9790       0.1144       0.9644
 738       0.0625       0.9793       0.1188       0.9648
 739       0.0611       0.9795       0.1141       0.9643
 740       0.0608       0.9792       0.1159       0.9648
 741       0.0614       0.9796       0.1123       0.9649
 742       0.0603       0.9796       0.1158       0.9643
 743       0.0632       0.9789       0.1126       0.9649
 744       0.0633       0.9785       0.1153       0.9648
 745       0.0634       0.9782       0.1137       0.9664
 746       0.0621       0.9788       0.1180       0.9656
 747       0.0639       0.9785       0.1123       0.9658
 748       0.0661       0.9774       0.1178       0.9652
 749       0.0661       0.9780       0.1161       0.9647
 750       0.0663       0.9784       0.1207       0.9635
 751       0.0658       0.9777       0.1101       0.9660
 752       0.0625       0.9792       0.1136       0.9651
 753       0.0618       0.9793       0.1153       0.9652
 754       0.0613       0.9797       0.1122       0.9662
 755       0.0592       0.9802       0.1160       0.9646
 756       0.0606       0.9794       0.1110       0.9680
 757       0.0600       0.9803       0.1131       0.9659
 758       0.0597       0.9797       0.1103       0.9666
 759       0.0599       0.9800       0.1131       0.9648
 760       0.0583       0.9802       0.1137       0.9667
 761       0.0597       0.9794       0.1125       0.9670
 762       0.0586       0.9804       0.1114       0.9679
 763       0.0579       0.9802       0.1086       0.9667
 764       0.0564       0.9810       0.1104       0.9678
 765       0.0556       0.9815       0.1144       0.9667
 766       0.0559       0.9813       0.1147       0.9659
 767       0.0579       0.9807       0.1150       0.9664
 768       0.0589       0.9800       0.1156       0.9658
 769       0.0594       0.9803       0.1208       0.9645
 770       0.0588       0.9807       0.1154       0.9668
 771       0.0582       0.9800       0.1152       0.9662
 772       0.0577       0.9805       0.1108       0.9676
 773       0.0589       0.9800       0.1096       0.9673
 774       0.0592       0.9800       0.1127       0.9662
 775       0.0592       0.9803       0.1141       0.9667
 776       0.0597       0.9802       0.1081       0.9675
 777       0.0603       0.9797       0.1080       0.9679
 778       0.0615       0.9794       0.1131       0.9643
 779       0.0631       0.9786       0.1082       0.9667
 780       0.0615       0.9793       0.1058       0.9688
 781       0.0612       0.9795       0.1055       0.9685
 782       0.0627       0.9787       0.1075       0.9685
 783       0.0627       0.9785       0.1089       0.9668
 784       0.0613       0.9791       0.1073       0.9674
 785       0.0595       0.9799       0.1069       0.9676
 786       0.0609       0.9796       0.1074       0.9667
 787       0.0606       0.9797       0.1124       0.9669
 788       0.0626       0.9791       0.1120       0.9668
 789       0.0624       0.9795       0.1099       0.9666
 790       0.0601       0.9800       0.1077       0.9664
 791       0.0590       0.9798       0.1070       0.9660
 792       0.0583       0.9807       0.1076       0.9672
 793       0.0582       0.9808       0.1120       0.9653
 794       0.0592       0.9804       0.1154       0.9645
 795       0.0588       0.9807       0.1146       0.9653
 796       0.0577       0.9808       0.1112       0.9667
 797       0.0580       0.9807       0.1140       0.9662
 798       0.0571       0.9815       0.1146       0.9664
 799       0.0573       0.9804       0.1165       0.9655
 800       0.0567       0.9811       0.1165       0.9657
 801       0.0587       0.9802       0.1126       0.9659
 802       0.0594       0.9799       0.1132       0.9661
 803       0.0593       0.9803       0.1128       0.9651
 804       0.0579       0.9803       0.1164       0.9646
 805       0.0585       0.9805       0.1133       0.9656
 806       0.0578       0.9806       0.1132       0.9680
 807       0.0572       0.9806       0.1117       0.9661
 808       0.0572       0.9809       0.1142       0.9662
 809       0.0574       0.9809       0.1143       0.9647
 810       0.0571       0.9810       0.1174       0.9647
 811       0.0580       0.9807       0.1165       0.9651
 812       0.0601       0.9799       0.1135       0.9668
 813       0.0578       0.9809       0.1148       0.9674
 814       0.0567       0.9810       0.1153       0.9666
 815       0.0562       0.9812       0.1132       0.9658
 816       0.0561       0.9815       0.1148       0.9661
 817       0.0569       0.9807       0.1153       0.9668
 818       0.0561       0.9813       0.1149       0.9653
 819       0.0553       0.9813       0.1156       0.9650
 820       0.0566       0.9807       0.1127       0.9663
 821       0.0586       0.9803       0.1154       0.9665
 822       0.0612       0.9795       0.1237       0.9637
 823       0.0624       0.9792       0.1148       0.9665
 824       0.0598       0.9797       0.1156       0.9666
 825       0.0592       0.9800       0.1183       0.9641
 826       0.0614       0.9793       0.1129       0.9669
 827       0.0624       0.9796       0.1122       0.9658
 828       0.0631       0.9794       0.1134       0.9657
 829       0.0628       0.9791       0.1091       0.9653
 830       0.0615       0.9798       0.1123       0.9673
 831       0.0605       0.9800       0.1114       0.9661
 832       0.0594       0.9800       0.1148       0.9667
 833       0.0645       0.9787       0.1167       0.9650
 834       0.0645       0.9794       0.1137       0.9664
 835       0.0616       0.9800       0.1160       0.9646
 836       0.0604       0.9797       0.1136       0.9675
 837       0.0617       0.9791       0.1133       0.9655
 838       0.0620       0.9795       0.1112       0.9668
 839       0.0601       0.9797       0.1131       0.9673
 840       0.0599       0.9800       0.1131       0.9675
 841       0.0585       0.9806       0.1125       0.9689
 842       0.0605       0.9804       0.1142       0.9669
 843       0.0616       0.9801       0.1136       0.9653
 844       0.0626       0.9795       0.1131       0.9673
 845       0.0606       0.9804       0.1117       0.9676
 846       0.0582       0.9809       0.1106       0.9680
 847       0.0561       0.9816       0.1062       0.9677
 848       0.0562       0.9816       0.1087       0.9671
 849       0.0572       0.9808       0.1073       0.9655
 850       0.0563       0.9814       0.1060       0.9672
 851       0.0556       0.9814       0.1109       0.9674
 852       0.0569       0.9813       0.1111       0.9680
 853       0.0563       0.9813       0.1179       0.9647
 854       0.0607       0.9799       0.1125       0.9654
 855       0.0600       0.9804       0.1137       0.9660
 856       0.0562       0.9814       0.1150       0.9657
 857       0.0591       0.9801       0.1193       0.9642
 858       0.0580       0.9807       0.1142       0.9644
 859       0.0562       0.9814       0.1162       0.9634
 860       0.0562       0.9815       0.1117       0.9665
 861       0.0563       0.9818       0.1150       0.9651
 862       0.0568       0.9814       0.1169       0.9643
 863       0.0565       0.9818       0.1133       0.9659
 864       0.0572       0.9813       0.1118       0.9662
 865       0.0564       0.9808       0.1098       0.9686
 866       0.0547       0.9816       0.1111       0.9691
 867       0.0560       0.9815       0.1158       0.9678
 868       0.0563       0.9811       0.1121       0.9672
 869       0.0561       0.9809       0.1085       0.9680
 870       0.0577       0.9806       0.1111       0.9680
 871       0.0599       0.9799       0.1107       0.9674
 872       0.0597       0.9798       0.1112       0.9674
 873       0.0613       0.9792       0.1145       0.9663
 874       0.0622       0.9785       0.1198       0.9644
 875       0.0598       0.9794       0.1179       0.9640
 876       0.0578       0.9808       0.1149       0.9669
 877       0.0596       0.9802       0.1187       0.9655
 878       0.0585       0.9804       0.1140       0.9669
 879       0.0588       0.9804       0.1119       0.9660
 880       0.0582       0.9812       0.1144       0.9661
 881       0.0574       0.9812       0.1144       0.9671
 882       0.0578       0.9807       0.1111       0.9677
 883       0.0566       0.9808       0.1127       0.9664
 884       0.0585       0.9805       0.1202       0.9646
 885       0.0582       0.9808       0.1197       0.9641
 886       0.0584       0.9798       0.1132       0.9656
 887       0.0612       0.9792       0.1166       0.9646
 888       0.0600       0.9798       0.1157       0.9653
 889       0.0593       0.9801       0.1146       0.9659
 890       0.0609       0.9789       0.1156       0.9644
 891       0.0618       0.9787       0.1114       0.9667
 892       0.0599       0.9789       0.1131       0.9657
 893       0.0629       0.9785       0.1158       0.9649
 894       0.0646       0.9783       0.1164       0.9644
 895       0.0615       0.9791       0.1148       0.9652
 896       0.0628       0.9790       0.1155       0.9645
 897       0.0653       0.9785       0.1138       0.9660
 898       0.0638       0.9786       0.1159       0.9657
 899       0.0634       0.9786       0.1135       0.9670
 900       0.0620       0.9790       0.1142       0.9649
 901       0.0621       0.9789       0.1172       0.9655
 902       0.0613       0.9787       0.1177       0.9652
 903       0.0636       0.9787       0.1164       0.9655
 904       0.0610       0.9796       0.1197       0.9645
 905       0.0608       0.9793       0.1147       0.9662
 906       0.0585       0.9805       0.1168       0.9646
 907       0.0582       0.9804       0.1172       0.9659
 908       0.0585       0.9798       0.1132       0.9684
 909       0.0587       0.9807       0.1156       0.9666
 910       0.0590       0.9803       0.1164       0.9655
 911       0.0577       0.9804       0.1144       0.9654
 912       0.0576       0.9805       0.1150       0.9653
 913       0.0599       0.9801       0.1174       0.9658
 914       0.0603       0.9799       0.1152       0.9655
 915       0.0595       0.9796       0.1123       0.9669
 916       0.0582       0.9801       0.1115       0.9659
 917       0.0580       0.9808       0.1161       0.9652
 918       0.0572       0.9801       0.1134       0.9660
 919       0.0576       0.9806       0.1108       0.9678
 920       0.0561       0.9814       0.1114       0.9683
 921       0.0554       0.9817       0.1122       0.9676
 922       0.0560       0.9817       0.1096       0.9680
 923       0.0548       0.9819       0.1122       0.9664
 924       0.0550       0.9820       0.1110       0.9667
 925       0.0549       0.9815       0.1123       0.9676
 926       0.0549       0.9816       0.1154       0.9664
 927       0.0527       0.9826       0.1115       0.9676
 928       0.0521       0.9830       0.1103       0.9686
 929       0.0535       0.9822       0.1101       0.9671
 930       0.0548       0.9816       0.1111       0.9664
 931       0.0581       0.9804       0.1122       0.9666
 932       0.0578       0.9806       0.1108       0.9686
 933       0.0573       0.9803       0.1135       0.9665
 934       0.0574       0.9806       0.1164       0.9660
 935       0.0595       0.9797       0.1206       0.9660
 936       0.0579       0.9811       0.1152       0.9674
 937       0.0565       0.9804       0.1165       0.9655
 938       0.0583       0.9803       0.1166       0.9647
 939       0.0587       0.9801       0.1159       0.9643
 940       0.0627       0.9790       0.1151       0.9627
 941       0.0630       0.9790       0.1150       0.9638
 942       0.0598       0.9797       0.1139       0.9650
 943       0.0593       0.9797       0.1144       0.9655
 944       0.0575       0.9811       0.1155       0.9643
 945       0.0540       0.9818       0.1153       0.9652
 946       0.0539       0.9821       0.1102       0.9675
 947       0.0542       0.9819       0.1108       0.9676
 948       0.0531       0.9820       0.1069       0.9669
 949       0.0534       0.9822       0.1051       0.9687
 950       0.0560       0.9810       0.1048       0.9659
 951       0.0556       0.9815       0.1010       0.9686
 952       0.0539       0.9822       0.1028       0.9675
 953       0.0553       0.9815       0.1022       0.9704
 954       0.0536       0.9817       0.1010       0.9699
 955       0.0521       0.9826       0.1039       0.9676
 956       0.0527       0.9824       0.1045       0.9690
 957       0.0523       0.9824       0.1067       0.9686
 958       0.0556       0.9808       0.1069       0.9682
 959       0.0556       0.9805       0.1136       0.9663
 960       0.0562       0.9811       0.1110       0.9666
 961       0.0546       0.9814       0.1097       0.9679
 962       0.0557       0.9808       0.1089       0.9675
 963       0.0574       0.9811       0.1063       0.9678
 964       0.0571       0.9804       0.1111       0.9660
 965       0.0579       0.9805       0.1124       0.9643
 966       0.0552       0.9816       0.1166       0.9630
 967       0.0563       0.9811       0.1152       0.9658
 968       0.0575       0.9803       0.1172       0.9633
 969       0.0588       0.9805       0.1178       0.9644
 970       0.0581       0.9804       0.1131       0.9663
 971       0.0592       0.9802       0.1156       0.9664
 972       0.0615       0.9790       0.1159       0.9652
 973       0.0604       0.9796       0.1145       0.9670
 974       0.0589       0.9799       0.1147       0.9650
 975       0.0595       0.9798       0.1123       0.9682
 976       0.0622       0.9788       0.1140       0.9658
 977       0.0611       0.9796       0.1114       0.9664
 978       0.0598       0.9799       0.1112       0.9666
 979       0.0575       0.9811       0.1063       0.9681
 980       0.0601       0.9797       0.1089       0.9675
 981       0.0615       0.9797       0.1118       0.9676
 982       0.0603       0.9796       0.1127       0.9643
 983       0.0597       0.9798       0.1125       0.9670
 984       0.0608       0.9797       0.1108       0.9670
 985       0.0590       0.9799       0.1127       0.9656
 986       0.0576       0.9808       0.1125       0.9647
 987       0.0566       0.9810       0.1100       0.9662
 988       0.0560       0.9809       0.1092       0.9680
 989       0.0556       0.9812       0.1106       0.9662
 990       0.0551       0.9813       0.1127       0.9661
 991       0.0554       0.9815       0.1080       0.9667
 992       0.0548       0.9816       0.1069       0.9685
 993       0.0546       0.9814       0.1089       0.9683
 994       0.0565       0.9810       0.1087       0.9684
 995       0.0565       0.9810       0.1077       0.9690
 996       0.0542       0.9823       0.1069       0.9684
 997       0.0519       0.9828       0.1086       0.9691
 998       0.0516       0.9828       0.1094       0.9679
 999       0.0536       0.9822       0.1114       0.9670
