   0       0.6040       0.8321       0.2951       0.9110
   1       0.2383       0.9303       0.1994       0.9388
   2       0.1676       0.9507       0.1529       0.9534
   3       0.1294       0.9624       0.1249       0.9622
   4       0.1048       0.9694       0.1077       0.9675
   5       0.0874       0.9748       0.0966       0.9701
   6       0.0742       0.9786       0.0887       0.9721
   7       0.0636       0.9821       0.0842       0.9735
   8       0.0547       0.9846       0.0803       0.9743
   9       0.0473       0.9870       0.0776       0.9756
  10       0.0409       0.9888       0.0762       0.9764
  11       0.0353       0.9908       0.0739       0.9773
  12       0.0305       0.9923       0.0735       0.9775
  13       0.0262       0.9938       0.0722       0.9778
  14       0.0225       0.9953       0.0721       0.9782
  15       0.0193       0.9964       0.0719       0.9788
  16       0.0166       0.9971       0.0722       0.9792
  17       0.0143       0.9977       0.0725       0.9792
  18       0.0123       0.9982       0.0727       0.9791
  19       0.0106       0.9987       0.0734       0.9794
  20       0.0092       0.9989       0.0745       0.9792
  21       0.0080       0.9993       0.0747       0.9791
  22       0.0070       0.9994       0.0744       0.9795
  23       0.0061       0.9995       0.0754       0.9792
  24       0.0054       0.9996       0.0757       0.9790
  25       0.0048       0.9997       0.0754       0.9800
  26       0.0043       0.9998       0.0753       0.9801
  27       0.0038       0.9998       0.0752       0.9803
  28       0.0034       0.9999       0.0753       0.9806
  29       0.0031       0.9999       0.0758       0.9805
  30       0.0028       0.9999       0.0757       0.9805
  31       0.0026       1.0000       0.0760       0.9805
  32       0.0024       1.0000       0.0764       0.9805
  33       0.0022       1.0000       0.0766       0.9803
  34       0.0021       1.0000       0.0769       0.9805
  35       0.0019       1.0000       0.0772       0.9805
  36       0.0018       1.0000       0.0775       0.9806
  37       0.0017       1.0000       0.0777       0.9809
  38       0.0016       1.0000       0.0781       0.9808
  39       0.0015       1.0000       0.0783       0.9809
  40       0.0014       1.0000       0.0786       0.9808
  41       0.0014       1.0000       0.0788       0.9808
  42       0.0013       1.0000       0.0792       0.9808
  43       0.0012       1.0000       0.0794       0.9807
  44       0.0012       1.0000       0.0796       0.9809
  45       0.0011       1.0000       0.0798       0.9809
  46       0.0011       1.0000       0.0801       0.9809
  47       0.0010       1.0000       0.0803       0.9809
  48       0.0010       1.0000       0.0806       0.9808
  49       0.0010       1.0000       0.0808       0.9808
  50       0.0009       1.0000       0.0810       0.9808
  51       0.0009       1.0000       0.0813       0.9807
  52       0.0009       1.0000       0.0815       0.9806
  53       0.0008       1.0000       0.0817       0.9805
  54       0.0008       1.0000       0.0819       0.9805
  55       0.0008       1.0000       0.0821       0.9805
  56       0.0007       1.0000       0.0823       0.9806
  57       0.0007       1.0000       0.0825       0.9807
  58       0.0007       1.0000       0.0827       0.9805
  59       0.0007       1.0000       0.0829       0.9805
  60       0.0007       1.0000       0.0831       0.9805
  61       0.0006       1.0000       0.0833       0.9807
  62       0.0006       1.0000       0.0835       0.9807
  63       0.0006       1.0000       0.0837       0.9807
  64       0.0006       1.0000       0.0839       0.9808
  65       0.0006       1.0000       0.0841       0.9807
  66       0.0006       1.0000       0.0843       0.9806
  67       0.0005       1.0000       0.0845       0.9807
  68       0.0005       1.0000       0.0846       0.9808
  69       0.0005       1.0000       0.0848       0.9808
  70       0.0005       1.0000       0.0849       0.9808
  71       0.0005       1.0000       0.0851       0.9809
  72       0.0005       1.0000       0.0853       0.9810
  73       0.0005       1.0000       0.0855       0.9810
  74       0.0005       1.0000       0.0856       0.9811
  75       0.0004       1.0000       0.0858       0.9811
  76       0.0004       1.0000       0.0859       0.9811
  77       0.0004       1.0000       0.0861       0.9811
  78       0.0004       1.0000       0.0862       0.9811
  79       0.0004       1.0000       0.0864       0.9811
  80       0.0004       1.0000       0.0866       0.9811
  81       0.0004       1.0000       0.0867       0.9811
  82       0.0004       1.0000       0.0868       0.9812
  83       0.0004       1.0000       0.0870       0.9812
  84       0.0004       1.0000       0.0871       0.9812
  85       0.0004       1.0000       0.0873       0.9810
  86       0.0004       1.0000       0.0874       0.9810
  87       0.0004       1.0000       0.0875       0.9812
  88       0.0003       1.0000       0.0877       0.9811
  89       0.0003       1.0000       0.0878       0.9812
  90       0.0003       1.0000       0.0880       0.9812
  91       0.0003       1.0000       0.0881       0.9813
  92       0.0003       1.0000       0.0882       0.9813
  93       0.0003       1.0000       0.0883       0.9814
  94       0.0003       1.0000       0.0885       0.9814
  95       0.0003       1.0000       0.0886       0.9814
  96       0.0003       1.0000       0.0887       0.9814
  97       0.0003       1.0000       0.0889       0.9814
  98       0.0003       1.0000       0.0890       0.9815
  99       0.0003       1.0000       0.0891       0.9814
 100       0.0003       1.0000       0.0892       0.9815
 101       0.0003       1.0000       0.0893       0.9816
 102       0.0003       1.0000       0.0895       0.9816
 103       0.0003       1.0000       0.0896       0.9816
 104       0.0003       1.0000       0.0897       0.9816
 105       0.0003       1.0000       0.0898       0.9816
 106       0.0003       1.0000       0.0899       0.9816
 107       0.0003       1.0000       0.0900       0.9816
 108       0.0003       1.0000       0.0901       0.9816
 109       0.0002       1.0000       0.0903       0.9815
 110       0.0002       1.0000       0.0904       0.9815
 111       0.0002       1.0000       0.0905       0.9815
 112       0.0002       1.0000       0.0906       0.9815
 113       0.0002       1.0000       0.0907       0.9815
 114       0.0002       1.0000       0.0908       0.9815
 115       0.0002       1.0000       0.0909       0.9815
 116       0.0002       1.0000       0.0910       0.9814
 117       0.0002       1.0000       0.0911       0.9815
 118       0.0002       1.0000       0.0913       0.9814
 119       0.0002       1.0000       0.0913       0.9815
 120       0.0002       1.0000       0.0914       0.9815
 121       0.0002       1.0000       0.0916       0.9815
 122       0.0002       1.0000       0.0916       0.9815
 123       0.0002       1.0000       0.0917       0.9815
 124       0.0002       1.0000       0.0918       0.9815
 125       0.0002       1.0000       0.0919       0.9815
 126       0.0002       1.0000       0.0920       0.9815
 127       0.0002       1.0000       0.0921       0.9815
 128       0.0002       1.0000       0.0922       0.9816
 129       0.0002       1.0000       0.0923       0.9815
 130       0.0002       1.0000       0.0924       0.9814
 131       0.0002       1.0000       0.0925       0.9814
 132       0.0002       1.0000       0.0926       0.9815
 133       0.0002       1.0000       0.0927       0.9815
 134       0.0002       1.0000       0.0928       0.9814
 135       0.0002       1.0000       0.0929       0.9813
 136       0.0002       1.0000       0.0930       0.9814
 137       0.0002       1.0000       0.0930       0.9813
 138       0.0002       1.0000       0.0932       0.9815
 139       0.0002       1.0000       0.0932       0.9815
 140       0.0002       1.0000       0.0933       0.9813
 141       0.0002       1.0000       0.0934       0.9814
 142       0.0002       1.0000       0.0935       0.9813
 143       0.0002       1.0000       0.0936       0.9815
 144       0.0002       1.0000       0.0937       0.9814
 145       0.0002       1.0000       0.0938       0.9814
 146       0.0002       1.0000       0.0938       0.9814
 147       0.0002       1.0000       0.0939       0.9813
 148       0.0002       1.0000       0.0940       0.9814
 149       0.0002       1.0000       0.0941       0.9814
 150       0.0002       1.0000       0.0942       0.9814
 151       0.0002       1.0000       0.0943       0.9814
 152       0.0002       1.0000       0.0943       0.9815
 153       0.0002       1.0000       0.0944       0.9815
 154       0.0002       1.0000       0.0945       0.9816
 155       0.0001       1.0000       0.0945       0.9814
 156       0.0001       1.0000       0.0946       0.9815
 157       0.0001       1.0000       0.0947       0.9816
 158       0.0001       1.0000       0.0948       0.9814
 159       0.0001       1.0000       0.0949       0.9814
 160       0.0001       1.0000       0.0949       0.9815
 161       0.0001       1.0000       0.0950       0.9816
 162       0.0001       1.0000       0.0951       0.9815
 163       0.0001       1.0000       0.0952       0.9814
 164       0.0001       1.0000       0.0952       0.9814
 165       0.0001       1.0000       0.0953       0.9814
 166       0.0001       1.0000       0.0954       0.9814
 167       0.0001       1.0000       0.0955       0.9813
 168       0.0001       1.0000       0.0955       0.9815
 169       0.0001       1.0000       0.0956       0.9813
 170       0.0001       1.0000       0.0957       0.9813
 171       0.0001       1.0000       0.0957       0.9814
 172       0.0001       1.0000       0.0958       0.9812
 173       0.0001       1.0000       0.0959       0.9813
 174       0.0001       1.0000       0.0960       0.9814
 175       0.0001       1.0000       0.0960       0.9813
 176       0.0001       1.0000       0.0961       0.9814
 177       0.0001       1.0000       0.0962       0.9814
 178       0.0001       1.0000       0.0962       0.9813
 179       0.0001       1.0000       0.0963       0.9814
 180       0.0001       1.0000       0.0964       0.9814
 181       0.0001       1.0000       0.0964       0.9813
 182       0.0001       1.0000       0.0965       0.9814
 183       0.0001       1.0000       0.0966       0.9813
 184       0.0001       1.0000       0.0966       0.9815
 185       0.0001       1.0000       0.0967       0.9813
 186       0.0001       1.0000       0.0968       0.9813
 187       0.0001       1.0000       0.0968       0.9812
 188       0.0001       1.0000       0.0969       0.9815
 189       0.0001       1.0000       0.0970       0.9814
 190       0.0001       1.0000       0.0970       0.9813
 191       0.0001       1.0000       0.0971       0.9812
 192       0.0001       1.0000       0.0971       0.9813
 193       0.0001       1.0000       0.0972       0.9812
 194       0.0001       1.0000       0.0973       0.9814
 195       0.0001       1.0000       0.0973       0.9812
 196       0.0001       1.0000       0.0974       0.9814
 197       0.0001       1.0000       0.0974       0.9814
 198       0.0001       1.0000       0.0975       0.9813
 199       0.0001       1.0000       0.0976       0.9814
 200       0.0001       1.0000       0.0976       0.9813
 201       0.0001       1.0000       0.0977       0.9814
 202       0.0001       1.0000       0.0977       0.9814
 203       0.0001       1.0000       0.0978       0.9813
 204       0.0001       1.0000       0.0979       0.9813
 205       0.0001       1.0000       0.0979       0.9814
 206       0.0001       1.0000       0.0980       0.9813
 207       0.0001       1.0000       0.0980       0.9813
 208       0.0001       1.0000       0.0981       0.9814
 209       0.0001       1.0000       0.0982       0.9813
 210       0.0001       1.0000       0.0982       0.9813
 211       0.0001       1.0000       0.0983       0.9814
 212       0.0001       1.0000       0.0983       0.9814
 213       0.0001       1.0000       0.0984       0.9813
 214       0.0001       1.0000       0.0984       0.9815
 215       0.0001       1.0000       0.0985       0.9813
 216       0.0001       1.0000       0.0986       0.9813
 217       0.0001       1.0000       0.0986       0.9813
 218       0.0001       1.0000       0.0987       0.9813
 219       0.0001       1.0000       0.0987       0.9814
 220       0.0001       1.0000       0.0988       0.9813
 221       0.0001       1.0000       0.0988       0.9814
 222       0.0001       1.0000       0.0989       0.9813
 223       0.0001       1.0000       0.0989       0.9813
 224       0.0001       1.0000       0.0990       0.9814
 225       0.0001       1.0000       0.0990       0.9813
 226       0.0001       1.0000       0.0991       0.9813
 227       0.0001       1.0000       0.0991       0.9814
 228       0.0001       1.0000       0.0992       0.9814
 229       0.0001       1.0000       0.0992       0.9814
 230       0.0001       1.0000       0.0993       0.9813
 231       0.0001       1.0000       0.0994       0.9813
 232       0.0001       1.0000       0.0994       0.9813
 233       0.0001       1.0000       0.0994       0.9814
 234       0.0001       1.0000       0.0995       0.9813
 235       0.0001       1.0000       0.0996       0.9814
 236       0.0001       1.0000       0.0996       0.9814
 237       0.0001       1.0000       0.0997       0.9814
 238       0.0001       1.0000       0.0997       0.9814
 239       0.0001       1.0000       0.0998       0.9813
 240       0.0001       1.0000       0.0998       0.9814
 241       0.0001       1.0000       0.0998       0.9814
 242       0.0001       1.0000       0.0999       0.9814
 243       0.0001       1.0000       0.0999       0.9814
 244       0.0001       1.0000       0.1000       0.9814
 245       0.0001       1.0000       0.1000       0.9814
 246       0.0001       1.0000       0.1001       0.9813
 247       0.0001       1.0000       0.1001       0.9813
 248       0.0001       1.0000       0.1002       0.9814
 249       0.0001       1.0000       0.1002       0.9814
 250       0.0001       1.0000       0.1003       0.9813
 251       0.0001       1.0000       0.1003       0.9813
 252       0.0001       1.0000       0.1004       0.9815
 253       0.0001       1.0000       0.1004       0.9815
 254       0.0001       1.0000       0.1005       0.9815
 255       0.0001       1.0000       0.1005       0.9814
 256       0.0001       1.0000       0.1006       0.9815
 257       0.0001       1.0000       0.1006       0.9814
 258       0.0001       1.0000       0.1007       0.9815
 259       0.0001       1.0000       0.1007       0.9814
 260       0.0001       1.0000       0.1008       0.9815
 261       0.0001       1.0000       0.1008       0.9815
 262       0.0001       1.0000       0.1008       0.9815
 263       0.0001       1.0000       0.1009       0.9814
 264       0.0001       1.0000       0.1009       0.9814
 265       0.0001       1.0000       0.1010       0.9815
 266       0.0001       1.0000       0.1010       0.9815
 267       0.0001       1.0000       0.1011       0.9815
 268       0.0001       1.0000       0.1011       0.9815
 269       0.0001       1.0000       0.1012       0.9814
 270       0.0001       1.0000       0.1012       0.9815
 271       0.0001       1.0000       0.1012       0.9814
 272       0.0001       1.0000       0.1013       0.9815
 273       0.0001       1.0000       0.1013       0.9814
 274       0.0001       1.0000       0.1014       0.9815
 275       0.0001       1.0000       0.1014       0.9814
 276       0.0001       1.0000       0.1015       0.9815
 277       0.0001       1.0000       0.1015       0.9815
 278       0.0001       1.0000       0.1015       0.9815
 279       0.0001       1.0000       0.1016       0.9815
 280       0.0001       1.0000       0.1016       0.9815
 281       0.0001       1.0000       0.1016       0.9815
 282       0.0001       1.0000       0.1017       0.9815
 283       0.0001       1.0000       0.1017       0.9815
 284       0.0001       1.0000       0.1018       0.9815
 285       0.0001       1.0000       0.1018       0.9815
 286       0.0001       1.0000       0.1019       0.9815
 287       0.0001       1.0000       0.1019       0.9815
 288       0.0001       1.0000       0.1020       0.9815
 289       0.0001       1.0000       0.1020       0.9815
 290       0.0001       1.0000       0.1020       0.9815
 291       0.0001       1.0000       0.1021       0.9815
 292       0.0001       1.0000       0.1021       0.9815
 293       0.0001       1.0000       0.1022       0.9815
 294       0.0001       1.0000       0.1022       0.9815
 295       0.0001       1.0000       0.1022       0.9815
 296       0.0001       1.0000       0.1023       0.9815
 297       0.0001       1.0000       0.1023       0.9815
 298       0.0001       1.0000       0.1024       0.9815
 299       0.0001       1.0000       0.1024       0.9815
 300       0.0001       1.0000       0.1024       0.9815
 301       0.0001       1.0000       0.1025       0.9815
 302       0.0001       1.0000       0.1025       0.9816
 303       0.0001       1.0000       0.1025       0.9814
 304       0.0001       1.0000       0.1026       0.9815
 305       0.0001       1.0000       0.1026       0.9815
 306       0.0001       1.0000       0.1027       0.9815
 307       0.0001       1.0000       0.1027       0.9815
 308       0.0001       1.0000       0.1027       0.9815
 309       0.0001       1.0000       0.1028       0.9814
 310       0.0001       1.0000       0.1028       0.9815
 311       0.0001       1.0000       0.1029       0.9815
 312       0.0001       1.0000       0.1029       0.9816
 313       0.0001       1.0000       0.1029       0.9814
 314       0.0001       1.0000       0.1030       0.9814
 315       0.0001       1.0000       0.1030       0.9814
 316       0.0001       1.0000       0.1030       0.9814
 317       0.0001       1.0000       0.1031       0.9814
 318       0.0001       1.0000       0.1031       0.9815
 319       0.0001       1.0000       0.1031       0.9814
 320       0.0001       1.0000       0.1032       0.9814
 321       0.0001       1.0000       0.1032       0.9814
 322       0.0001       1.0000       0.1033       0.9814
 323       0.0001       1.0000       0.1033       0.9814
 324       0.0001       1.0000       0.1033       0.9815
 325       0.0001       1.0000       0.1034       0.9814
 326       0.0001       1.0000       0.1034       0.9814
 327       0.0001       1.0000       0.1035       0.9814
 328       0.0001       1.0000       0.1035       0.9814
 329       0.0001       1.0000       0.1035       0.9815
 330       0.0001       1.0000       0.1035       0.9815
 331       0.0001       1.0000       0.1036       0.9815
 332       0.0001       1.0000       0.1036       0.9815
 333       0.0001       1.0000       0.1037       0.9814
 334       0.0001       1.0000       0.1037       0.9814
 335       0.0001       1.0000       0.1037       0.9815
 336       0.0001       1.0000       0.1038       0.9814
 337       0.0001       1.0000       0.1038       0.9814
 338       0.0001       1.0000       0.1038       0.9815
 339       0.0001       1.0000       0.1039       0.9813
 340       0.0001       1.0000       0.1039       0.9814
 341       0.0001       1.0000       0.1039       0.9814
 342       0.0001       1.0000       0.1040       0.9813
 343       0.0001       1.0000       0.1040       0.9815
 344       0.0001       1.0000       0.1040       0.9814
 345       0.0001       1.0000       0.1041       0.9813
 346       0.0001       1.0000       0.1041       0.9814
 347       0.0001       1.0000       0.1041       0.9814
 348       0.0001       1.0000       0.1042       0.9815
 349       0.0001       1.0000       0.1042       0.9813
 350       0.0001       1.0000       0.1042       0.9814
 351       0.0001       1.0000       0.1043       0.9814
 352       0.0001       1.0000       0.1043       0.9813
 353       0.0000       1.0000       0.1043       0.9814
 354       0.0000       1.0000       0.1044       0.9813
 355       0.0000       1.0000       0.1044       0.9813
 356       0.0000       1.0000       0.1044       0.9814
 357       0.0000       1.0000       0.1045       0.9814
 358       0.0000       1.0000       0.1045       0.9814
 359       0.0000       1.0000       0.1045       0.9814
 360       0.0000       1.0000       0.1046       0.9813
 361       0.0000       1.0000       0.1046       0.9815
 362       0.0000       1.0000       0.1046       0.9815
 363       0.0000       1.0000       0.1047       0.9814
 364       0.0000       1.0000       0.1047       0.9814
 365       0.0000       1.0000       0.1047       0.9814
 366       0.0000       1.0000       0.1048       0.9814
 367       0.0000       1.0000       0.1048       0.9814
 368       0.0000       1.0000       0.1048       0.9813
 369       0.0000       1.0000       0.1049       0.9814
 370       0.0000       1.0000       0.1049       0.9814
 371       0.0000       1.0000       0.1049       0.9813
 372       0.0000       1.0000       0.1050       0.9813
 373       0.0000       1.0000       0.1050       0.9815
 374       0.0000       1.0000       0.1050       0.9815
 375       0.0000       1.0000       0.1051       0.9814
 376       0.0000       1.0000       0.1051       0.9814
 377       0.0000       1.0000       0.1051       0.9814
 378       0.0000       1.0000       0.1051       0.9815
 379       0.0000       1.0000       0.1052       0.9815
 380       0.0000       1.0000       0.1052       0.9815
 381       0.0000       1.0000       0.1052       0.9815
 382       0.0000       1.0000       0.1053       0.9815
 383       0.0000       1.0000       0.1053       0.9815
 384       0.0000       1.0000       0.1053       0.9815
 385       0.0000       1.0000       0.1053       0.9815
 386       0.0000       1.0000       0.1054       0.9813
 387       0.0000       1.0000       0.1054       0.9815
 388       0.0000       1.0000       0.1054       0.9815
 389       0.0000       1.0000       0.1055       0.9813
 390       0.0000       1.0000       0.1055       0.9814
 391       0.0000       1.0000       0.1055       0.9815
 392       0.0000       1.0000       0.1056       0.9815
 393       0.0000       1.0000       0.1056       0.9815
 394       0.0000       1.0000       0.1056       0.9815
 395       0.0000       1.0000       0.1056       0.9814
 396       0.0000       1.0000       0.1057       0.9814
 397       0.0000       1.0000       0.1057       0.9814
 398       0.0000       1.0000       0.1057       0.9815
 399       0.0000       1.0000       0.1058       0.9814
 400       0.0000       1.0000       0.1058       0.9814
 401       0.0000       1.0000       0.1058       0.9815
 402       0.0000       1.0000       0.1059       0.9815
 403       0.0000       1.0000       0.1059       0.9814
 404       0.0000       1.0000       0.1059       0.9815
 405       0.0000       1.0000       0.1059       0.9814
 406       0.0000       1.0000       0.1060       0.9815
 407       0.0000       1.0000       0.1060       0.9815
 408       0.0000       1.0000       0.1060       0.9815
 409       0.0000       1.0000       0.1061       0.9815
 410       0.0000       1.0000       0.1061       0.9815
 411       0.0000       1.0000       0.1061       0.9815
 412       0.0000       1.0000       0.1062       0.9815
 413       0.0000       1.0000       0.1062       0.9814
 414       0.0000       1.0000       0.1062       0.9814
 415       0.0000       1.0000       0.1062       0.9815
 416       0.0000       1.0000       0.1062       0.9815
 417       0.0000       1.0000       0.1063       0.9814
 418       0.0000       1.0000       0.1063       0.9815
 419       0.0000       1.0000       0.1063       0.9814
 420       0.0000       1.0000       0.1064       0.9815
 421       0.0000       1.0000       0.1064       0.9814
 422       0.0000       1.0000       0.1064       0.9815
 423       0.0000       1.0000       0.1065       0.9814
 424       0.0000       1.0000       0.1065       0.9814
 425       0.0000       1.0000       0.1065       0.9814
 426       0.0000       1.0000       0.1065       0.9814
 427       0.0000       1.0000       0.1066       0.9814
 428       0.0000       1.0000       0.1066       0.9813
 429       0.0000       1.0000       0.1066       0.9814
 430       0.0000       1.0000       0.1066       0.9814
 431       0.0000       1.0000       0.1066       0.9814
 432       0.0000       1.0000       0.1067       0.9814
 433       0.0000       1.0000       0.1067       0.9814
 434       0.0000       1.0000       0.1067       0.9814
 435       0.0000       1.0000       0.1068       0.9813
 436       0.0000       1.0000       0.1068       0.9815
 437       0.0000       1.0000       0.1068       0.9815
 438       0.0000       1.0000       0.1068       0.9813
 439       0.0000       1.0000       0.1069       0.9814
 440       0.0000       1.0000       0.1069       0.9814
 441       0.0000       1.0000       0.1069       0.9814
 442       0.0000       1.0000       0.1069       0.9813
 443       0.0000       1.0000       0.1070       0.9814
 444       0.0000       1.0000       0.1070       0.9813
 445       0.0000       1.0000       0.1070       0.9812
 446       0.0000       1.0000       0.1070       0.9812
 447       0.0000       1.0000       0.1071       0.9812
 448       0.0000       1.0000       0.1071       0.9813
 449       0.0000       1.0000       0.1071       0.9813
 450       0.0000       1.0000       0.1072       0.9813
 451       0.0000       1.0000       0.1072       0.9812
 452       0.0000       1.0000       0.1072       0.9812
 453       0.0000       1.0000       0.1072       0.9812
 454       0.0000       1.0000       0.1073       0.9812
 455       0.0000       1.0000       0.1073       0.9813
 456       0.0000       1.0000       0.1073       0.9813
 457       0.0000       1.0000       0.1073       0.9813
 458       0.0000       1.0000       0.1074       0.9814
 459       0.0000       1.0000       0.1074       0.9813
 460       0.0000       1.0000       0.1074       0.9813
 461       0.0000       1.0000       0.1074       0.9811
 462       0.0000       1.0000       0.1075       0.9812
 463       0.0000       1.0000       0.1075       0.9812
 464       0.0000       1.0000       0.1075       0.9812
 465       0.0000       1.0000       0.1076       0.9812
 466       0.0000       1.0000       0.1076       0.9813
 467       0.0000       1.0000       0.1076       0.9812
 468       0.0000       1.0000       0.1076       0.9812
 469       0.0000       1.0000       0.1076       0.9811
 470       0.0000       1.0000       0.1077       0.9812
 471       0.0000       1.0000       0.1077       0.9812
 472       0.0000       1.0000       0.1077       0.9812
 473       0.0000       1.0000       0.1077       0.9813
 474       0.0000       1.0000       0.1078       0.9812
 475       0.0000       1.0000       0.1078       0.9811
 476       0.0000       1.0000       0.1078       0.9812
 477       0.0000       1.0000       0.1078       0.9811
 478       0.0000       1.0000       0.1079       0.9811
 479       0.0000       1.0000       0.1079       0.9811
 480       0.0000       1.0000       0.1079       0.9812
 481       0.0000       1.0000       0.1079       0.9812
 482       0.0000       1.0000       0.1080       0.9812
 483       0.0000       1.0000       0.1080       0.9811
 484       0.0000       1.0000       0.1080       0.9812
 485       0.0000       1.0000       0.1080       0.9813
 486       0.0000       1.0000       0.1081       0.9811
 487       0.0000       1.0000       0.1081       0.9811
 488       0.0000       1.0000       0.1081       0.9811
 489       0.0000       1.0000       0.1081       0.9811
 490       0.0000       1.0000       0.1082       0.9811
 491       0.0000       1.0000       0.1082       0.9811
 492       0.0000       1.0000       0.1082       0.9811
 493       0.0000       1.0000       0.1082       0.9811
 494       0.0000       1.0000       0.1083       0.9812
 495       0.0000       1.0000       0.1083       0.9811
 496       0.0000       1.0000       0.1083       0.9811
 497       0.0000       1.0000       0.1083       0.9811
 498       0.0000       1.0000       0.1083       0.9811
 499       0.0000       1.0000       0.1084       0.9811
 500       0.0000       1.0000       0.1084       0.9811
 501       0.0000       1.0000       0.1084       0.9811
 502       0.0000       1.0000       0.1084       0.9811
 503       0.0000       1.0000       0.1085       0.9811
 504       0.0000       1.0000       0.1085       0.9811
 505       0.0000       1.0000       0.1085       0.9811
 506       0.0000       1.0000       0.1085       0.9811
 507       0.0000       1.0000       0.1085       0.9811
 508       0.0000       1.0000       0.1086       0.9811
 509       0.0000       1.0000       0.1086       0.9811
 510       0.0000       1.0000       0.1086       0.9811
 511       0.0000       1.0000       0.1087       0.9811
 512       0.0000       1.0000       0.1087       0.9811
 513       0.0000       1.0000       0.1087       0.9811
 514       0.0000       1.0000       0.1087       0.9811
 515       0.0000       1.0000       0.1087       0.9811
 516       0.0000       1.0000       0.1088       0.9811
 517       0.0000       1.0000       0.1088       0.9811
 518       0.0000       1.0000       0.1088       0.9811
 519       0.0000       1.0000       0.1088       0.9811
 520       0.0000       1.0000       0.1088       0.9811
 521       0.0000       1.0000       0.1089       0.9811
 522       0.0000       1.0000       0.1089       0.9812
 523       0.0000       1.0000       0.1089       0.9811
 524       0.0000       1.0000       0.1089       0.9811
 525       0.0000       1.0000       0.1090       0.9811
 526       0.0000       1.0000       0.1090       0.9811
 527       0.0000       1.0000       0.1090       0.9811
 528       0.0000       1.0000       0.1090       0.9811
 529       0.0000       1.0000       0.1091       0.9811
 530       0.0000       1.0000       0.1091       0.9811
 531       0.0000       1.0000       0.1091       0.9811
 532       0.0000       1.0000       0.1091       0.9811
 533       0.0000       1.0000       0.1091       0.9811
 534       0.0000       1.0000       0.1092       0.9811
 535       0.0000       1.0000       0.1092       0.9811
 536       0.0000       1.0000       0.1092       0.9811
 537       0.0000       1.0000       0.1092       0.9811
 538       0.0000       1.0000       0.1092       0.9811
 539       0.0000       1.0000       0.1093       0.9811
 540       0.0000       1.0000       0.1093       0.9811
 541       0.0000       1.0000       0.1093       0.9811
 542       0.0000       1.0000       0.1093       0.9811
 543       0.0000       1.0000       0.1093       0.9811
 544       0.0000       1.0000       0.1094       0.9811
 545       0.0000       1.0000       0.1094       0.9811
 546       0.0000       1.0000       0.1094       0.9811
 547       0.0000       1.0000       0.1094       0.9811
 548       0.0000       1.0000       0.1094       0.9811
 549       0.0000       1.0000       0.1095       0.9811
 550       0.0000       1.0000       0.1095       0.9811
 551       0.0000       1.0000       0.1095       0.9811
 552       0.0000       1.0000       0.1095       0.9811
 553       0.0000       1.0000       0.1096       0.9811
 554       0.0000       1.0000       0.1096       0.9811
 555       0.0000       1.0000       0.1096       0.9811
 556       0.0000       1.0000       0.1096       0.9811
 557       0.0000       1.0000       0.1096       0.9811
 558       0.0000       1.0000       0.1097       0.9811
 559       0.0000       1.0000       0.1097       0.9811
 560       0.0000       1.0000       0.1097       0.9811
 561       0.0000       1.0000       0.1097       0.9811
 562       0.0000       1.0000       0.1098       0.9811
 563       0.0000       1.0000       0.1098       0.9811
 564       0.0000       1.0000       0.1098       0.9811
 565       0.0000       1.0000       0.1098       0.9811
 566       0.0000       1.0000       0.1098       0.9811
 567       0.0000       1.0000       0.1099       0.9811
 568       0.0000       1.0000       0.1099       0.9811
 569       0.0000       1.0000       0.1099       0.9811
 570       0.0000       1.0000       0.1099       0.9811
 571       0.0000       1.0000       0.1099       0.9811
 572       0.0000       1.0000       0.1100       0.9811
 573       0.0000       1.0000       0.1100       0.9811
 574       0.0000       1.0000       0.1100       0.9811
 575       0.0000       1.0000       0.1100       0.9811
 576       0.0000       1.0000       0.1100       0.9811
 577       0.0000       1.0000       0.1101       0.9811
 578       0.0000       1.0000       0.1101       0.9811
 579       0.0000       1.0000       0.1101       0.9811
 580       0.0000       1.0000       0.1101       0.9811
 581       0.0000       1.0000       0.1101       0.9811
 582       0.0000       1.0000       0.1102       0.9811
 583       0.0000       1.0000       0.1102       0.9811
 584       0.0000       1.0000       0.1102       0.9811
 585       0.0000       1.0000       0.1102       0.9811
 586       0.0000       1.0000       0.1102       0.9811
 587       0.0000       1.0000       0.1103       0.9811
 588       0.0000       1.0000       0.1103       0.9811
 589       0.0000       1.0000       0.1103       0.9811
 590       0.0000       1.0000       0.1103       0.9811
 591       0.0000       1.0000       0.1103       0.9811
 592       0.0000       1.0000       0.1103       0.9812
 593       0.0000       1.0000       0.1104       0.9811
 594       0.0000       1.0000       0.1104       0.9811
 595       0.0000       1.0000       0.1104       0.9811
 596       0.0000       1.0000       0.1104       0.9811
 597       0.0000       1.0000       0.1105       0.9811
 598       0.0000       1.0000       0.1105       0.9811
 599       0.0000       1.0000       0.1105       0.9811
 600       0.0000       1.0000       0.1105       0.9811
 601       0.0000       1.0000       0.1105       0.9811
 602       0.0000       1.0000       0.1106       0.9811
 603       0.0000       1.0000       0.1106       0.9811
 604       0.0000       1.0000       0.1106       0.9811
 605       0.0000       1.0000       0.1106       0.9811
 606       0.0000       1.0000       0.1106       0.9811
 607       0.0000       1.0000       0.1106       0.9811
 608       0.0000       1.0000       0.1107       0.9811
 609       0.0000       1.0000       0.1107       0.9811
 610       0.0000       1.0000       0.1107       0.9811
 611       0.0000       1.0000       0.1107       0.9811
 612       0.0000       1.0000       0.1107       0.9811
 613       0.0000       1.0000       0.1107       0.9811
 614       0.0000       1.0000       0.1108       0.9811
 615       0.0000       1.0000       0.1108       0.9811
 616       0.0000       1.0000       0.1108       0.9811
 617       0.0000       1.0000       0.1108       0.9811
 618       0.0000       1.0000       0.1108       0.9811
 619       0.0000       1.0000       0.1109       0.9811
 620       0.0000       1.0000       0.1109       0.9811
 621       0.0000       1.0000       0.1109       0.9811
 622       0.0000       1.0000       0.1109       0.9812
 623       0.0000       1.0000       0.1109       0.9811
 624       0.0000       1.0000       0.1109       0.9811
 625       0.0000       1.0000       0.1110       0.9811
 626       0.0000       1.0000       0.1110       0.9811
 627       0.0000       1.0000       0.1110       0.9811
 628       0.0000       1.0000       0.1110       0.9811
 629       0.0000       1.0000       0.1110       0.9811
 630       0.0000       1.0000       0.1111       0.9812
 631       0.0000       1.0000       0.1111       0.9812
 632       0.0000       1.0000       0.1111       0.9811
 633       0.0000       1.0000       0.1111       0.9811
 634       0.0000       1.0000       0.1111       0.9811
 635       0.0000       1.0000       0.1111       0.9811
 636       0.0000       1.0000       0.1112       0.9811
 637       0.0000       1.0000       0.1112       0.9811
 638       0.0000       1.0000       0.1112       0.9812
 639       0.0000       1.0000       0.1112       0.9812
 640       0.0000       1.0000       0.1112       0.9811
 641       0.0000       1.0000       0.1113       0.9811
 642       0.0000       1.0000       0.1113       0.9812
 643       0.0000       1.0000       0.1113       0.9811
 644       0.0000       1.0000       0.1113       0.9811
 645       0.0000       1.0000       0.1113       0.9811
 646       0.0000       1.0000       0.1114       0.9811
 647       0.0000       1.0000       0.1114       0.9811
 648       0.0000       1.0000       0.1114       0.9811
 649       0.0000       1.0000       0.1114       0.9811
 650       0.0000       1.0000       0.1114       0.9811
 651       0.0000       1.0000       0.1114       0.9811
 652       0.0000       1.0000       0.1115       0.9811
 653       0.0000       1.0000       0.1115       0.9811
 654       0.0000       1.0000       0.1115       0.9811
 655       0.0000       1.0000       0.1115       0.9811
 656       0.0000       1.0000       0.1115       0.9811
 657       0.0000       1.0000       0.1115       0.9810
 658       0.0000       1.0000       0.1116       0.9812
 659       0.0000       1.0000       0.1116       0.9812
 660       0.0000       1.0000       0.1116       0.9813
 661       0.0000       1.0000       0.1116       0.9812
 662       0.0000       1.0000       0.1116       0.9811
 663       0.0000       1.0000       0.1116       0.9811
 664       0.0000       1.0000       0.1117       0.9811
 665       0.0000       1.0000       0.1117       0.9811
 666       0.0000       1.0000       0.1117       0.9811
 667       0.0000       1.0000       0.1117       0.9811
 668       0.0000       1.0000       0.1117       0.9811
 669       0.0000       1.0000       0.1118       0.9810
 670       0.0000       1.0000       0.1118       0.9811
 671       0.0000       1.0000       0.1118       0.9811
 672       0.0000       1.0000       0.1118       0.9811
 673       0.0000       1.0000       0.1118       0.9811
 674       0.0000       1.0000       0.1118       0.9812
 675       0.0000       1.0000       0.1119       0.9811
 676       0.0000       1.0000       0.1119       0.9812
 677       0.0000       1.0000       0.1119       0.9812
 678       0.0000       1.0000       0.1119       0.9811
 679       0.0000       1.0000       0.1119       0.9810
 680       0.0000       1.0000       0.1119       0.9811
 681       0.0000       1.0000       0.1120       0.9810
 682       0.0000       1.0000       0.1120       0.9811
 683       0.0000       1.0000       0.1120       0.9812
 684       0.0000       1.0000       0.1120       0.9811
 685       0.0000       1.0000       0.1120       0.9812
 686       0.0000       1.0000       0.1120       0.9810
 687       0.0000       1.0000       0.1120       0.9810
 688       0.0000       1.0000       0.1121       0.9810
 689       0.0000       1.0000       0.1121       0.9810
 690       0.0000       1.0000       0.1121       0.9811
 691       0.0000       1.0000       0.1121       0.9811
 692       0.0000       1.0000       0.1121       0.9811
 693       0.0000       1.0000       0.1122       0.9810
 694       0.0000       1.0000       0.1122       0.9812
 695       0.0000       1.0000       0.1122       0.9812
 696       0.0000       1.0000       0.1122       0.9810
 697       0.0000       1.0000       0.1122       0.9810
 698       0.0000       1.0000       0.1122       0.9810
 699       0.0000       1.0000       0.1122       0.9810
 700       0.0000       1.0000       0.1123       0.9811
 701       0.0000       1.0000       0.1123       0.9811
 702       0.0000       1.0000       0.1123       0.9810
 703       0.0000       1.0000       0.1123       0.9811
 704       0.0000       1.0000       0.1123       0.9811
 705       0.0000       1.0000       0.1124       0.9811
 706       0.0000       1.0000       0.1124       0.9811
 707       0.0000       1.0000       0.1124       0.9812
 708       0.0000       1.0000       0.1124       0.9812
 709       0.0000       1.0000       0.1124       0.9812
 710       0.0000       1.0000       0.1124       0.9811
 711       0.0000       1.0000       0.1124       0.9811
 712       0.0000       1.0000       0.1125       0.9812
 713       0.0000       1.0000       0.1125       0.9812
 714       0.0000       1.0000       0.1125       0.9810
 715       0.0000       1.0000       0.1125       0.9811
 716       0.0000       1.0000       0.1125       0.9811
 717       0.0000       1.0000       0.1125       0.9810
 718       0.0000       1.0000       0.1126       0.9812
 719       0.0000       1.0000       0.1126       0.9812
 720       0.0000       1.0000       0.1126       0.9811
 721       0.0000       1.0000       0.1126       0.9811
 722       0.0000       1.0000       0.1126       0.9812
 723       0.0000       1.0000       0.1126       0.9812
 724       0.0000       1.0000       0.1127       0.9812
 725       0.0000       1.0000       0.1127       0.9811
 726       0.0000       1.0000       0.1127       0.9811
 727       0.0000       1.0000       0.1127       0.9812
 728       0.0000       1.0000       0.1127       0.9812
 729       0.0000       1.0000       0.1127       0.9811
 730       0.0000       1.0000       0.1128       0.9811
 731       0.0000       1.0000       0.1128       0.9811
 732       0.0000       1.0000       0.1128       0.9812
 733       0.0000       1.0000       0.1128       0.9811
 734       0.0000       1.0000       0.1128       0.9811
 735       0.0000       1.0000       0.1128       0.9812
 736       0.0000       1.0000       0.1128       0.9812
 737       0.0000       1.0000       0.1129       0.9812
 738       0.0000       1.0000       0.1129       0.9811
 739       0.0000       1.0000       0.1129       0.9812
 740       0.0000       1.0000       0.1129       0.9811
 741       0.0000       1.0000       0.1129       0.9812
 742       0.0000       1.0000       0.1129       0.9812
 743       0.0000       1.0000       0.1129       0.9811
 744       0.0000       1.0000       0.1130       0.9811
 745       0.0000       1.0000       0.1130       0.9812
 746       0.0000       1.0000       0.1130       0.9811
 747       0.0000       1.0000       0.1130       0.9810
 748       0.0000       1.0000       0.1130       0.9811
 749       0.0000       1.0000       0.1130       0.9811
 750       0.0000       1.0000       0.1131       0.9812
 751       0.0000       1.0000       0.1131       0.9812
 752       0.0000       1.0000       0.1131       0.9812
 753       0.0000       1.0000       0.1131       0.9811
 754       0.0000       1.0000       0.1131       0.9811
 755       0.0000       1.0000       0.1131       0.9812
 756       0.0000       1.0000       0.1132       0.9812
 757       0.0000       1.0000       0.1132       0.9812
 758       0.0000       1.0000       0.1132       0.9811
 759       0.0000       1.0000       0.1132       0.9811
 760       0.0000       1.0000       0.1132       0.9810
 761       0.0000       1.0000       0.1132       0.9810
 762       0.0000       1.0000       0.1132       0.9812
 763       0.0000       1.0000       0.1133       0.9811
 764       0.0000       1.0000       0.1133       0.9812
 765       0.0000       1.0000       0.1133       0.9812
 766       0.0000       1.0000       0.1133       0.9812
 767       0.0000       1.0000       0.1133       0.9812
 768       0.0000       1.0000       0.1133       0.9812
 769       0.0000       1.0000       0.1133       0.9812
 770       0.0000       1.0000       0.1134       0.9812
 771       0.0000       1.0000       0.1134       0.9812
 772       0.0000       1.0000       0.1134       0.9812
 773       0.0000       1.0000       0.1134       0.9812
 774       0.0000       1.0000       0.1134       0.9812
 775       0.0000       1.0000       0.1134       0.9812
 776       0.0000       1.0000       0.1134       0.9812
 777       0.0000       1.0000       0.1135       0.9812
 778       0.0000       1.0000       0.1135       0.9812
 779       0.0000       1.0000       0.1135       0.9812
 780       0.0000       1.0000       0.1135       0.9812
 781       0.0000       1.0000       0.1135       0.9812
 782       0.0000       1.0000       0.1136       0.9812
 783       0.0000       1.0000       0.1136       0.9812
 784       0.0000       1.0000       0.1136       0.9812
 785       0.0000       1.0000       0.1136       0.9811
 786       0.0000       1.0000       0.1136       0.9811
 787       0.0000       1.0000       0.1136       0.9811
 788       0.0000       1.0000       0.1136       0.9811
 789       0.0000       1.0000       0.1136       0.9812
 790       0.0000       1.0000       0.1137       0.9812
 791       0.0000       1.0000       0.1137       0.9812
 792       0.0000       1.0000       0.1137       0.9812
 793       0.0000       1.0000       0.1137       0.9812
 794       0.0000       1.0000       0.1137       0.9812
 795       0.0000       1.0000       0.1137       0.9812
 796       0.0000       1.0000       0.1137       0.9812
 797       0.0000       1.0000       0.1138       0.9811
 798       0.0000       1.0000       0.1138       0.9811
 799       0.0000       1.0000       0.1138       0.9811
 800       0.0000       1.0000       0.1138       0.9811
 801       0.0000       1.0000       0.1138       0.9811
 802       0.0000       1.0000       0.1138       0.9811
 803       0.0000       1.0000       0.1139       0.9811
 804       0.0000       1.0000       0.1139       0.9812
 805       0.0000       1.0000       0.1139       0.9812
 806       0.0000       1.0000       0.1139       0.9812
 807       0.0000       1.0000       0.1139       0.9812
 808       0.0000       1.0000       0.1139       0.9812
 809       0.0000       1.0000       0.1139       0.9812
 810       0.0000       1.0000       0.1140       0.9812
 811       0.0000       1.0000       0.1140       0.9812
 812       0.0000       1.0000       0.1140       0.9812
 813       0.0000       1.0000       0.1140       0.9812
 814       0.0000       1.0000       0.1140       0.9812
 815       0.0000       1.0000       0.1140       0.9812
 816       0.0000       1.0000       0.1140       0.9812
 817       0.0000       1.0000       0.1140       0.9812
 818       0.0000       1.0000       0.1140       0.9811
 819       0.0000       1.0000       0.1141       0.9812
 820       0.0000       1.0000       0.1141       0.9812
 821       0.0000       1.0000       0.1141       0.9811
 822       0.0000       1.0000       0.1141       0.9811
 823       0.0000       1.0000       0.1141       0.9811
 824       0.0000       1.0000       0.1142       0.9812
 825       0.0000       1.0000       0.1142       0.9811
 826       0.0000       1.0000       0.1142       0.9812
 827       0.0000       1.0000       0.1142       0.9812
 828       0.0000       1.0000       0.1142       0.9812
 829       0.0000       1.0000       0.1142       0.9812
 830       0.0000       1.0000       0.1142       0.9812
 831       0.0000       1.0000       0.1142       0.9812
 832       0.0000       1.0000       0.1142       0.9811
 833       0.0000       1.0000       0.1143       0.9811
 834       0.0000       1.0000       0.1143       0.9812
 835       0.0000       1.0000       0.1143       0.9812
 836       0.0000       1.0000       0.1143       0.9812
 837       0.0000       1.0000       0.1143       0.9812
 838       0.0000       1.0000       0.1143       0.9812
 839       0.0000       1.0000       0.1144       0.9812
 840       0.0000       1.0000       0.1144       0.9812
 841       0.0000       1.0000       0.1144       0.9812
 842       0.0000       1.0000       0.1144       0.9812
 843       0.0000       1.0000       0.1144       0.9812
 844       0.0000       1.0000       0.1144       0.9811
 845       0.0000       1.0000       0.1144       0.9812
 846       0.0000       1.0000       0.1144       0.9812
 847       0.0000       1.0000       0.1145       0.9812
 848       0.0000       1.0000       0.1145       0.9812
 849       0.0000       1.0000       0.1145       0.9812
 850       0.0000       1.0000       0.1145       0.9812
 851       0.0000       1.0000       0.1145       0.9812
 852       0.0000       1.0000       0.1145       0.9812
 853       0.0000       1.0000       0.1145       0.9812
 854       0.0000       1.0000       0.1145       0.9812
 855       0.0000       1.0000       0.1145       0.9812
 856       0.0000       1.0000       0.1146       0.9812
 857       0.0000       1.0000       0.1146       0.9812
 858       0.0000       1.0000       0.1146       0.9812
 859       0.0000       1.0000       0.1146       0.9812
 860       0.0000       1.0000       0.1146       0.9812
 861       0.0000       1.0000       0.1146       0.9812
 862       0.0000       1.0000       0.1147       0.9812
 863       0.0000       1.0000       0.1147       0.9811
 864       0.0000       1.0000       0.1147       0.9812
 865       0.0000       1.0000       0.1147       0.9812
 866       0.0000       1.0000       0.1147       0.9812
 867       0.0000       1.0000       0.1147       0.9812
 868       0.0000       1.0000       0.1147       0.9812
 869       0.0000       1.0000       0.1147       0.9812
 870       0.0000       1.0000       0.1148       0.9811
 871       0.0000       1.0000       0.1148       0.9811
 872       0.0000       1.0000       0.1148       0.9812
 873       0.0000       1.0000       0.1148       0.9811
 874       0.0000       1.0000       0.1148       0.9812
 875       0.0000       1.0000       0.1148       0.9812
 876       0.0000       1.0000       0.1149       0.9812
 877       0.0000       1.0000       0.1149       0.9812
 878       0.0000       1.0000       0.1149       0.9812
 879       0.0000       1.0000       0.1149       0.9812
 880       0.0000       1.0000       0.1149       0.9812
 881       0.0000       1.0000       0.1149       0.9812
 882       0.0000       1.0000       0.1149       0.9812
 883       0.0000       1.0000       0.1149       0.9812
 884       0.0000       1.0000       0.1149       0.9812
 885       0.0000       1.0000       0.1150       0.9812
 886       0.0000       1.0000       0.1150       0.9812
 887       0.0000       1.0000       0.1150       0.9811
 888       0.0000       1.0000       0.1150       0.9812
 889       0.0000       1.0000       0.1150       0.9812
 890       0.0000       1.0000       0.1150       0.9812
 891       0.0000       1.0000       0.1150       0.9812
 892       0.0000       1.0000       0.1150       0.9812
 893       0.0000       1.0000       0.1151       0.9812
 894       0.0000       1.0000       0.1151       0.9812
 895       0.0000       1.0000       0.1151       0.9812
 896       0.0000       1.0000       0.1151       0.9812
 897       0.0000       1.0000       0.1151       0.9812
 898       0.0000       1.0000       0.1151       0.9812
 899       0.0000       1.0000       0.1151       0.9812
 900       0.0000       1.0000       0.1151       0.9812
 901       0.0000       1.0000       0.1152       0.9812
 902       0.0000       1.0000       0.1152       0.9812
 903       0.0000       1.0000       0.1152       0.9812
 904       0.0000       1.0000       0.1152       0.9812
 905       0.0000       1.0000       0.1152       0.9812
 906       0.0000       1.0000       0.1152       0.9812
 907       0.0000       1.0000       0.1152       0.9812
 908       0.0000       1.0000       0.1152       0.9812
 909       0.0000       1.0000       0.1152       0.9812
 910       0.0000       1.0000       0.1153       0.9812
 911       0.0000       1.0000       0.1153       0.9812
 912       0.0000       1.0000       0.1153       0.9812
 913       0.0000       1.0000       0.1153       0.9812
 914       0.0000       1.0000       0.1153       0.9812
 915       0.0000       1.0000       0.1153       0.9812
 916       0.0000       1.0000       0.1154       0.9812
 917       0.0000       1.0000       0.1154       0.9812
 918       0.0000       1.0000       0.1154       0.9812
 919       0.0000       1.0000       0.1154       0.9812
 920       0.0000       1.0000       0.1154       0.9812
 921       0.0000       1.0000       0.1154       0.9812
 922       0.0000       1.0000       0.1154       0.9812
 923       0.0000       1.0000       0.1154       0.9812
 924       0.0000       1.0000       0.1154       0.9812
 925       0.0000       1.0000       0.1155       0.9812
 926       0.0000       1.0000       0.1155       0.9812
 927       0.0000       1.0000       0.1155       0.9812
 928       0.0000       1.0000       0.1155       0.9812
 929       0.0000       1.0000       0.1155       0.9812
 930       0.0000       1.0000       0.1155       0.9812
 931       0.0000       1.0000       0.1155       0.9811
 932       0.0000       1.0000       0.1155       0.9812
 933       0.0000       1.0000       0.1155       0.9812
 934       0.0000       1.0000       0.1156       0.9812
 935       0.0000       1.0000       0.1156       0.9812
 936       0.0000       1.0000       0.1156       0.9812
 937       0.0000       1.0000       0.1156       0.9813
 938       0.0000       1.0000       0.1156       0.9812
 939       0.0000       1.0000       0.1156       0.9812
 940       0.0000       1.0000       0.1156       0.9813
 941       0.0000       1.0000       0.1157       0.9812
 942       0.0000       1.0000       0.1157       0.9812
 943       0.0000       1.0000       0.1157       0.9812
 944       0.0000       1.0000       0.1157       0.9812
 945       0.0000       1.0000       0.1157       0.9812
 946       0.0000       1.0000       0.1157       0.9812
 947       0.0000       1.0000       0.1157       0.9812
 948       0.0000       1.0000       0.1157       0.9812
 949       0.0000       1.0000       0.1158       0.9812
 950       0.0000       1.0000       0.1158       0.9812
 951       0.0000       1.0000       0.1158       0.9813
 952       0.0000       1.0000       0.1158       0.9812
 953       0.0000       1.0000       0.1158       0.9812
 954       0.0000       1.0000       0.1158       0.9812
 955       0.0000       1.0000       0.1158       0.9812
 956       0.0000       1.0000       0.1158       0.9812
 957       0.0000       1.0000       0.1158       0.9812
 958       0.0000       1.0000       0.1158       0.9812
 959       0.0000       1.0000       0.1159       0.9813
 960       0.0000       1.0000       0.1159       0.9813
 961       0.0000       1.0000       0.1159       0.9812
 962       0.0000       1.0000       0.1159       0.9813
 963       0.0000       1.0000       0.1159       0.9812
 964       0.0000       1.0000       0.1159       0.9811
 965       0.0000       1.0000       0.1159       0.9811
 966       0.0000       1.0000       0.1159       0.9812
 967       0.0000       1.0000       0.1160       0.9812
 968       0.0000       1.0000       0.1160       0.9812
 969       0.0000       1.0000       0.1160       0.9812
 970       0.0000       1.0000       0.1160       0.9812
 971       0.0000       1.0000       0.1160       0.9812
 972       0.0000       1.0000       0.1160       0.9812
 973       0.0000       1.0000       0.1160       0.9813
 974       0.0000       1.0000       0.1161       0.9812
 975       0.0000       1.0000       0.1161       0.9812
 976       0.0000       1.0000       0.1161       0.9812
 977       0.0000       1.0000       0.1161       0.9812
 978       0.0000       1.0000       0.1161       0.9813
 979       0.0000       1.0000       0.1161       0.9812
 980       0.0000       1.0000       0.1161       0.9813
 981       0.0000       1.0000       0.1161       0.9812
 982       0.0000       1.0000       0.1161       0.9813
 983       0.0000       1.0000       0.1161       0.9813
 984       0.0000       1.0000       0.1161       0.9813
 985       0.0000       1.0000       0.1162       0.9812
 986       0.0000       1.0000       0.1162       0.9813
 987       0.0000       1.0000       0.1162       0.9812
 988       0.0000       1.0000       0.1162       0.9812
 989       0.0000       1.0000       0.1162       0.9812
 990       0.0000       1.0000       0.1162       0.9812
 991       0.0000       1.0000       0.1163       0.9812
 992       0.0000       1.0000       0.1163       0.9813
 993       0.0000       1.0000       0.1163       0.9813
 994       0.0000       1.0000       0.1163       0.9812
 995       0.0000       1.0000       0.1163       0.9812
 996       0.0000       1.0000       0.1163       0.9812
 997       0.0000       1.0000       0.1163       0.9813
 998       0.0000       1.0000       0.1163       0.9813
 999       0.0000       1.0000       0.1163       0.9813
