   0       0.3899       0.8957       0.1190       0.9640
   1       0.1089       0.9676       0.0909       0.9704
   2       0.0779       0.9766       0.0625       0.9815
   3       0.0630       0.9808       0.0538       0.9832
   4       0.0536       0.9839       0.0493       0.9842
   5       0.0471       0.9859       0.0471       0.9845
   6       0.0425       0.9872       0.0465       0.9842
   7       0.0387       0.9881       0.0465       0.9845
   8       0.0355       0.9892       0.0458       0.9856
   9       0.0328       0.9899       0.0449       0.9862
  10       0.0305       0.9908       0.0453       0.9868
  11       0.0286       0.9916       0.0448       0.9867
  12       0.0270       0.9922       0.0452       0.9868
  13       0.0254       0.9929       0.0451       0.9871
  14       0.0240       0.9932       0.0453       0.9870
  15       0.0226       0.9937       0.0456       0.9872
  16       0.0213       0.9942       0.0463       0.9868
  17       0.0199       0.9946       0.0470       0.9870
  18       0.0188       0.9950       0.0474       0.9868
  19       0.0176       0.9953       0.0477       0.9874
  20       0.0165       0.9957       0.0479       0.9872
  21       0.0154       0.9961       0.0489       0.9877
  22       0.0144       0.9963       0.0503       0.9877
  23       0.0136       0.9965       0.0528       0.9869
  24       0.0129       0.9967       0.0528       0.9872
  25       0.0121       0.9969       0.0559       0.9868
  26       0.0116       0.9972       0.0586       0.9866
  27       0.0110       0.9973       0.0592       0.9866
  28       0.0104       0.9974       0.0606       0.9872
  29       0.0098       0.9978       0.0634       0.9858
  30       0.0094       0.9977       0.0660       0.9861
  31       0.0096       0.9974       0.0636       0.9862
  32       0.0087       0.9976       0.0622       0.9874
  33       0.0086       0.9977       0.0661       0.9867
  34       0.0078       0.9980       0.0649       0.9874
  35       0.0071       0.9982       0.0710       0.9855
  36       0.0071       0.9979       0.0644       0.9881
  37       0.0064       0.9984       0.0672       0.9863
  38       0.0063       0.9981       0.0675       0.9862
  39       0.0066       0.9980       0.0704       0.9864
  40       0.0071       0.9976       0.0637       0.9882
  41       0.0059       0.9981       0.0726       0.9870
  42       0.0049       0.9986       0.0679       0.9878
  43       0.0044       0.9988       0.0728       0.9869
  44       0.0062       0.9978       0.0767       0.9871
  45       0.0044       0.9987       0.0739       0.9873
  46       0.0035       0.9990       0.0810       0.9866
  47       0.0041       0.9988       0.0724       0.9888
  48       0.0047       0.9984       0.0815       0.9869
  49       0.0047       0.9984       0.0750       0.9871
  50       0.0042       0.9987       0.0794       0.9866
  51       0.0037       0.9988       0.0778       0.9876
  52       0.0037       0.9989       0.0799       0.9873
  53       0.0043       0.9987       0.0783       0.9880
  54       0.0031       0.9991       0.0836       0.9862
  55       0.0033       0.9991       0.0928       0.9861
  56       0.0057       0.9980       0.0881       0.9866
  57       0.0031       0.9992       0.0796       0.9875
  58       0.0029       0.9992       0.0886       0.9871
  59       0.0018       0.9996       0.0883       0.9867
  60       0.0058       0.9982       0.0847       0.9873
  61       0.0035       0.9988       0.0908       0.9869
  62       0.0031       0.9990       0.0821       0.9876
  63       0.0017       0.9995       0.0929       0.9866
  64       0.0037       0.9988       0.1015       0.9862
  65       0.0033       0.9987       0.0940       0.9868
  66       0.0018       0.9994       0.0860       0.9883
  67       0.0031       0.9989       0.0929       0.9867
  68       0.0036       0.9987       0.0990       0.9865
  69       0.0030       0.9989       0.0932       0.9862
  70       0.0027       0.9991       0.0846       0.9877
  71       0.0049       0.9984       0.0991       0.9860
  72       0.0018       0.9994       0.0862       0.9880
  73       0.0009       0.9998       0.0877       0.9881
  74       0.0016       0.9995       0.0919       0.9877
  75       0.0019       0.9993       0.0982       0.9864
  76       0.0065       0.9977       0.0975       0.9872
  77       0.0020       0.9993       0.1009       0.9876
  78       0.0008       0.9998       0.0944       0.9882
  79       0.0015       0.9995       0.0933       0.9884
  80       0.0024       0.9990       0.1078       0.9860
  81       0.0037       0.9987       0.0956       0.9875
  82       0.0021       0.9993       0.0891       0.9897
  83       0.0015       0.9995       0.1065       0.9875
  84       0.0027       0.9990       0.0982       0.9889
  85       0.0041       0.9985       0.1019       0.9873
  86       0.0012       0.9996       0.1057       0.9880
  87       0.0017       0.9994       0.1093       0.9873
  88       0.0016       0.9995       0.1018       0.9882
  89       0.0011       0.9996       0.1031       0.9884
  90       0.0032       0.9988       0.1190       0.9866
  91       0.0025       0.9992       0.0971       0.9876
  92       0.0018       0.9994       0.0992       0.9885
  93       0.0009       0.9997       0.1052       0.9881
  94       0.0030       0.9988       0.1003       0.9884
  95       0.0026       0.9991       0.1249       0.9852
  96       0.0021       0.9993       0.0990       0.9882
  97       0.0019       0.9993       0.1062       0.9886
  98       0.0006       0.9998       0.0992       0.9885
  99       0.0032       0.9991       0.1276       0.9852
 100       0.0032       0.9990       0.1185       0.9867
 101       0.0010       0.9997       0.1068       0.9876
 102       0.0017       0.9994       0.1133       0.9875
 103       0.0019       0.9993       0.1014       0.9888
 104       0.0011       0.9997       0.1044       0.9876
 105       0.0017       0.9994       0.1079       0.9873
 106       0.0022       0.9993       0.1262       0.9854
 107       0.0026       0.9991       0.1138       0.9879
 108       0.0027       0.9990       0.1129       0.9870
 109       0.0018       0.9993       0.1134       0.9885
 110       0.0015       0.9995       0.1072       0.9885
 111       0.0007       0.9998       0.1003       0.9897
 112       0.0006       0.9998       0.1014       0.9889
 113       0.0032       0.9990       0.1205       0.9872
 114       0.0024       0.9992       0.1127       0.9879
 115       0.0011       0.9997       0.1044       0.9890
 116       0.0002       1.0000       0.1007       0.9887
 117       0.0001       1.0000       0.1025       0.9890
 118       0.0001       1.0000       0.1035       0.9893
 119       0.0000       1.0000       0.1042       0.9890
 120       0.0000       1.0000       0.1048       0.9893
 121       0.0000       1.0000       0.1056       0.9893
 122       0.0000       1.0000       0.1063       0.9894
 123       0.0000       1.0000       0.1072       0.9895
 124       0.0000       1.0000       0.1082       0.9892
 125       0.0000       1.0000       0.1092       0.9892
 126       0.0000       1.0000       0.1105       0.9895
 127       0.0000       1.0000       0.1119       0.9896
 128       0.0000       1.0000       0.1135       0.9897
 129       0.0000       1.0000       0.1157       0.9896
 130       0.0000       1.0000       0.1173       0.9896
 131       0.0000       1.0000       0.1196       0.9897
 132       0.0000       1.0000       0.1222       0.9897
 133       0.0107       0.9983       0.1666       0.9816
 134       0.0079       0.9979       0.1190       0.9875
 135       0.0006       0.9998       0.1151       0.9887
 136       0.0001       1.0000       0.1162       0.9885
 137       0.0000       1.0000       0.1167       0.9886
 138       0.0000       1.0000       0.1171       0.9888
 139       0.0000       1.0000       0.1177       0.9887
 140       0.0000       1.0000       0.1181       0.9888
 141       0.0000       1.0000       0.1185       0.9889
 142       0.0000       1.0000       0.1190       0.9888
 143       0.0000       1.0000       0.1195       0.9888
 144       0.0000       1.0000       0.1200       0.9888
 145       0.0000       1.0000       0.1206       0.9886
 146       0.0000       1.0000       0.1213       0.9887
 147       0.0000       1.0000       0.1220       0.9887
 148       0.0000       1.0000       0.1229       0.9887
 149       0.0000       1.0000       0.1238       0.9886
 150       0.0000       1.0000       0.1249       0.9888
 151       0.0000       1.0000       0.1261       0.9888
 152       0.0000       1.0000       0.1275       0.9888
 153       0.0000       1.0000       0.1290       0.9887
 154       0.0000       1.0000       0.1310       0.9889
 155       0.0000       1.0000       0.1335       0.9889
 156       0.0000       1.0000       0.1345       0.9888
 157       0.0150       0.9971       0.1337       0.9878
 158       0.0012       0.9997       0.1180       0.9886
 159       0.0014       0.9996       0.1242       0.9892
 160       0.0010       0.9995       0.1246       0.9881
 161       0.0034       0.9988       0.1303       0.9881
 162       0.0021       0.9993       0.1305       0.9885
 163       0.0013       0.9996       0.1290       0.9882
 164       0.0002       0.9999       0.1292       0.9885
 165       0.0013       0.9997       0.1576       0.9861
 166       0.0045       0.9987       0.1279       0.9886
 167       0.0027       0.9991       0.1560       0.9869
 168       0.0005       0.9999       0.1339       0.9883
 169       0.0001       0.9999       0.1402       0.9879
 170       0.0042       0.9989       0.1394       0.9863
 171       0.0033       0.9987       0.1280       0.9879
 172       0.0015       0.9995       0.1392       0.9872
 173       0.0015       0.9995       0.1396       0.9868
 174       0.0005       0.9999       0.1394       0.9879
 175       0.0005       0.9998       0.1344       0.9882
 176       0.0033       0.9990       0.1313       0.9888
 177       0.0036       0.9989       0.1605       0.9856
 178       0.0015       0.9996       0.1426       0.9877
 179       0.0010       0.9997       0.1415       0.9878
 180       0.0009       0.9998       0.1331       0.9881
 181       0.0019       0.9995       0.1233       0.9885
 182       0.0027       0.9991       0.1431       0.9878
 183       0.0013       0.9996       0.1562       0.9866
 184       0.0024       0.9992       0.1393       0.9878
 185       0.0016       0.9993       0.1277       0.9890
 186       0.0009       0.9997       0.1334       0.9879
 187       0.0005       0.9998       0.1446       0.9879
 188       0.0002       0.9999       0.1397       0.9891
 189       0.0042       0.9988       0.1553       0.9870
 190       0.0013       0.9996       0.1425       0.9877
 191       0.0019       0.9993       0.1554       0.9869
 192       0.0012       0.9995       0.1380       0.9891
 193       0.0018       0.9993       0.1523       0.9875
 194       0.0010       0.9997       0.1397       0.9886
 195       0.0006       0.9998       0.1446       0.9880
 196       0.0017       0.9995       0.1493       0.9872
 197       0.0035       0.9991       0.1429       0.9874
 198       0.0006       0.9998       0.1393       0.9882
 199       0.0002       0.9999       0.1438       0.9879
 200       0.0010       0.9997       0.1392       0.9872
 201       0.0002       0.9999       0.1441       0.9870
 202       0.0043       0.9987       0.1522       0.9880
 203       0.0010       0.9997       0.1425       0.9878
 204       0.0014       0.9995       0.1466       0.9881
 205       0.0011       0.9996       0.1545       0.9879
 206       0.0014       0.9996       0.1412       0.9883
 207       0.0027       0.9992       0.1531       0.9873
 208       0.0023       0.9994       0.1414       0.9880
 209       0.0009       0.9997       0.1541       0.9879
 210       0.0017       0.9994       0.1461       0.9888
 211       0.0010       0.9996       0.1420       0.9887
 212       0.0002       0.9999       0.1551       0.9882
 213       0.0019       0.9995       0.1740       0.9854
 214       0.0035       0.9989       0.1469       0.9884
 215       0.0011       0.9997       0.1530       0.9875
 216       0.0014       0.9995       0.1625       0.9870
 217       0.0019       0.9994       0.1492       0.9879
 218       0.0018       0.9996       0.1573       0.9871
 219       0.0013       0.9996       0.1498       0.9879
 220       0.0013       0.9997       0.1520       0.9882
 221       0.0021       0.9995       0.1723       0.9866
 222       0.0023       0.9992       0.1558       0.9882
 223       0.0021       0.9993       0.1652       0.9863
 224       0.0019       0.9995       0.1500       0.9885
 225       0.0005       0.9998       0.1657       0.9876
 226       0.0007       0.9997       0.1518       0.9883
 227       0.0027       0.9993       0.1559       0.9874
 228       0.0012       0.9995       0.1699       0.9869
 229       0.0020       0.9995       0.1614       0.9874
 230       0.0012       0.9997       0.1678       0.9870
 231       0.0012       0.9996       0.1660       0.9876
 232       0.0028       0.9993       0.1519       0.9883
 233       0.0008       0.9997       0.1542       0.9873
 234       0.0018       0.9995       0.1656       0.9875
 235       0.0012       0.9996       0.1718       0.9866
 236       0.0008       0.9998       0.1633       0.9879
 237       0.0022       0.9994       0.1565       0.9882
 238       0.0005       0.9997       0.1529       0.9882
 239       0.0019       0.9993       0.1644       0.9867
 240       0.0009       0.9997       0.1802       0.9869
 241       0.0019       0.9995       0.1807       0.9860
 242       0.0009       0.9997       0.1551       0.9883
 243       0.0011       0.9997       0.1658       0.9874
 244       0.0010       0.9997       0.1605       0.9885
 245       0.0007       0.9998       0.1532       0.9888
 246       0.0029       0.9992       0.1820       0.9869
 247       0.0011       0.9998       0.1658       0.9882
 248       0.0001       1.0000       0.1638       0.9878
 249       0.0002       1.0000       0.1557       0.9884
 250       0.0038       0.9991       0.1665       0.9879
 251       0.0012       0.9997       0.1661       0.9876
 252       0.0019       0.9995       0.1714       0.9883
 253       0.0005       0.9999       0.1680       0.9881
 254       0.0002       0.9999       0.1615       0.9888
 255       0.0000       1.0000       0.1617       0.9884
 256       0.0000       1.0000       0.1623       0.9885
 257       0.0000       1.0000       0.1626       0.9886
 258       0.0000       1.0000       0.1627       0.9886
 259       0.0000       1.0000       0.1628       0.9887
 260       0.0000       1.0000       0.1628       0.9885
 261       0.0000       1.0000       0.1629       0.9885
 262       0.0000       1.0000       0.1629       0.9885
 263       0.0000       1.0000       0.1630       0.9884
 264       0.0000       1.0000       0.1631       0.9883
 265       0.0000       1.0000       0.1632       0.9884
 266       0.0000       1.0000       0.1634       0.9884
 267       0.0000       1.0000       0.1636       0.9885
 268       0.0000       1.0000       0.1639       0.9885
 269       0.0000       1.0000       0.1642       0.9885
 270       0.0000       1.0000       0.1646       0.9886
 271       0.0000       1.0000       0.1650       0.9887
 272       0.0000       1.0000       0.1653       0.9886
 273       0.0000       1.0000       0.1659       0.9886
 274       0.0000       1.0000       0.1664       0.9886
 275       0.0000       1.0000       0.1669       0.9887
 276       0.0000       1.0000       0.1676       0.9886
 277       0.0000       1.0000       0.1683       0.9887
 278       0.0000       1.0000       0.1691       0.9887
 279       0.0000       1.0000       0.1701       0.9885
 280       0.0000       1.0000       0.1712       0.9886
 281       0.0000       1.0000       0.1725       0.9887
 282       0.0000       1.0000       0.1737       0.9888
 283       0.0000       1.0000       0.1752       0.9889
 284       0.0000       1.0000       0.1773       0.9888
 285       0.0000       1.0000       0.1783       0.9889
 286       0.0000       1.0000       0.1809       0.9890
 287       0.0000       1.0000       0.1811       0.9891
 288       0.0063       0.9989       0.2182       0.9859
 289       0.0023       0.9994       0.1848       0.9881
 290       0.0007       0.9998       0.1977       0.9871
 291       0.0007       0.9998       0.1957       0.9879
 292       0.0017       0.9995       0.1842       0.9877
 293       0.0015       0.9995       0.1799       0.9876
 294       0.0005       0.9998       0.1808       0.9879
 295       0.0013       0.9996       0.2073       0.9869
 296       0.0032       0.9992       0.1866       0.9872
 297       0.0007       0.9998       0.1782       0.9881
 298       0.0005       0.9998       0.1847       0.9875
 299       0.0003       0.9999       0.1753       0.9885
 300       0.0006       0.9999       0.1787       0.9882
 301       0.0043       0.9989       0.1883       0.9888
 302       0.0028       0.9992       0.1968       0.9875
 303       0.0007       0.9998       0.1748       0.9884
 304       0.0009       0.9996       0.1919       0.9870
 305       0.0024       0.9994       0.1794       0.9876
 306       0.0005       0.9998       0.1823       0.9880
 307       0.0021       0.9995       0.1879       0.9867
 308       0.0018       0.9994       0.1960       0.9874
 309       0.0009       0.9997       0.1836       0.9877
 310       0.0008       0.9998       0.1856       0.9875
 311       0.0028       0.9992       0.2323       0.9863
 312       0.0028       0.9993       0.1861       0.9880
 313       0.0007       0.9998       0.1881       0.9879
 314       0.0005       0.9998       0.1873       0.9880
 315       0.0001       1.0000       0.1923       0.9877
 316       0.0000       1.0000       0.1923       0.9876
 317       0.0000       1.0000       0.1921       0.9875
 318       0.0000       1.0000       0.1918       0.9875
 319       0.0000       1.0000       0.1916       0.9874
 320       0.0000       1.0000       0.1914       0.9874
 321       0.0000       1.0000       0.1912       0.9874
 322       0.0000       1.0000       0.1910       0.9874
 323       0.0000       1.0000       0.1909       0.9874
 324       0.0000       1.0000       0.1906       0.9874
 325       0.0000       1.0000       0.1904       0.9874
 326       0.0000       1.0000       0.1902       0.9876
 327       0.0000       1.0000       0.1901       0.9876
 328       0.0000       1.0000       0.1899       0.9876
 329       0.0000       1.0000       0.1899       0.9876
 330       0.0000       1.0000       0.1899       0.9876
 331       0.0000       1.0000       0.1900       0.9876
 332       0.0000       1.0000       0.1901       0.9878
 333       0.0000       1.0000       0.1902       0.9879
 334       0.0000       1.0000       0.1904       0.9878
 335       0.0000       1.0000       0.1906       0.9880
 336       0.0000       1.0000       0.1909       0.9880
 337       0.0000       1.0000       0.1912       0.9881
 338       0.0000       1.0000       0.1915       0.9881
 339       0.0000       1.0000       0.1919       0.9883
 340       0.0000       1.0000       0.1923       0.9883
 341       0.0000       1.0000       0.1927       0.9884
 342       0.0000       1.0000       0.1931       0.9884
 343       0.0000       1.0000       0.1936       0.9884
 344       0.0000       1.0000       0.1940       0.9886
 345       0.0000       1.0000       0.1946       0.9888
 346       0.0000       1.0000       0.1952       0.9887
 347       0.0000       1.0000       0.1960       0.9886
 348       0.0000       1.0000       0.1967       0.9886
 349       0.0000       1.0000       0.1976       0.9887
 350       0.0000       1.0000       0.1983       0.9887
 351       0.0000       1.0000       0.1996       0.9886
 352       0.0000       1.0000       0.2006       0.9886
 353       0.0000       1.0000       0.2020       0.9885
 354       0.0000       1.0000       0.2030       0.9886
 355       0.0000       1.0000       0.2047       0.9887
 356       0.0000       1.0000       0.2064       0.9887
 357       0.0000       1.0000       0.2087       0.9885
 358       0.0081       0.9982       0.2033       0.9884
 359       0.0011       0.9997       0.2000       0.9880
 360       0.0008       0.9998       0.2031       0.9885
 361       0.0001       1.0000       0.2237       0.9880
 362       0.0032       0.9992       0.2050       0.9882
 363       0.0024       0.9994       0.1974       0.9887
 364       0.0020       0.9995       0.2106       0.9878
 365       0.0004       0.9998       0.2078       0.9880
 366       0.0020       0.9995       0.1968       0.9877
 367       0.0008       0.9998       0.2112       0.9875
 368       0.0000       1.0000       0.2105       0.9875
 369       0.0000       1.0000       0.2099       0.9875
 370       0.0000       1.0000       0.2094       0.9874
 371       0.0000       1.0000       0.2090       0.9874
 372       0.0000       1.0000       0.2086       0.9874
 373       0.0000       1.0000       0.2083       0.9874
 374       0.0000       1.0000       0.2080       0.9875
 375       0.0000       1.0000       0.2077       0.9875
 376       0.0000       1.0000       0.2074       0.9875
 377       0.0000       1.0000       0.2071       0.9875
 378       0.0000       1.0000       0.2069       0.9875
 379       0.0000       1.0000       0.2068       0.9875
 380       0.0000       1.0000       0.2066       0.9875
 381       0.0000       1.0000       0.2065       0.9876
 382       0.0000       1.0000       0.2064       0.9876
 383       0.0000       1.0000       0.2063       0.9876
 384       0.0000       1.0000       0.2062       0.9877
 385       0.0000       1.0000       0.2060       0.9877
 386       0.0000       1.0000       0.2059       0.9879
 387       0.0000       1.0000       0.2058       0.9879
 388       0.0000       1.0000       0.2057       0.9879
 389       0.0000       1.0000       0.2056       0.9879
 390       0.0000       1.0000       0.2056       0.9878
 391       0.0000       1.0000       0.2057       0.9879
 392       0.0000       1.0000       0.2057       0.9878
 393       0.0000       1.0000       0.2058       0.9879
 394       0.0000       1.0000       0.2060       0.9879
 395       0.0000       1.0000       0.2062       0.9878
 396       0.0000       1.0000       0.2065       0.9878
 397       0.0000       1.0000       0.2068       0.9878
 398       0.0000       1.0000       0.2072       0.9878
 399       0.0000       1.0000       0.2076       0.9880
 400       0.0000       1.0000       0.2081       0.9878
 401       0.0000       1.0000       0.2086       0.9879
 402       0.0000       1.0000       0.2092       0.9880
 403       0.0000       1.0000       0.2100       0.9880
 404       0.0000       1.0000       0.2106       0.9880
 405       0.0000       1.0000       0.2114       0.9882
 406       0.0000       1.0000       0.2123       0.9882
 407       0.0000       1.0000       0.2135       0.9882
 408       0.0000       1.0000       0.2143       0.9883
 409       0.0000       1.0000       0.2151       0.9885
 410       0.0000       1.0000       0.2166       0.9885
 411       0.0000       1.0000       0.2183       0.9887
 412       0.0087       0.9987       0.2475       0.9864
 413       0.0030       0.9992       0.2204       0.9878
 414       0.0012       0.9998       0.2065       0.9888
 415       0.0007       0.9998       0.2066       0.9880
 416       0.0006       0.9998       0.2068       0.9886
 417       0.0013       0.9996       0.2350       0.9879
 418       0.0022       0.9994       0.2027       0.9876
 419       0.0015       0.9997       0.2037       0.9880
 420       0.0018       0.9995       0.2056       0.9889
 421       0.0012       0.9996       0.2050       0.9880
 422       0.0019       0.9995       0.2036       0.9882
 423       0.0010       0.9997       0.2010       0.9892
 424       0.0008       0.9998       0.2046       0.9882
 425       0.0016       0.9995       0.2128       0.9878
 426       0.0022       0.9995       0.2281       0.9877
 427       0.0012       0.9997       0.2090       0.9883
 428       0.0023       0.9995       0.2080       0.9891
 429       0.0004       0.9998       0.2060       0.9879
 430       0.0005       0.9999       0.2196       0.9886
 431       0.0015       0.9995       0.2379       0.9874
 432       0.0025       0.9994       0.2175       0.9887
 433       0.0025       0.9995       0.2100       0.9884
 434       0.0008       0.9998       0.2427       0.9872
 435       0.0015       0.9996       0.2261       0.9876
 436       0.0017       0.9995       0.2164       0.9886
 437       0.0013       0.9996       0.2055       0.9885
 438       0.0008       0.9998       0.2048       0.9891
 439       0.0004       0.9999       0.2194       0.9885
 440       0.0000       1.0000       0.2165       0.9886
 441       0.0000       1.0000       0.2146       0.9887
 442       0.0000       1.0000       0.2138       0.9888
 443       0.0000       1.0000       0.2131       0.9888
 444       0.0000       1.0000       0.2125       0.9888
 445       0.0000       1.0000       0.2119       0.9887
 446       0.0000       1.0000       0.2113       0.9887
 447       0.0000       1.0000       0.2108       0.9888
 448       0.0000       1.0000       0.2104       0.9888
 449       0.0000       1.0000       0.2099       0.9888
 450       0.0000       1.0000       0.2095       0.9888
 451       0.0000       1.0000       0.2091       0.9888
 452       0.0000       1.0000       0.2088       0.9887
 453       0.0000       1.0000       0.2085       0.9888
 454       0.0000       1.0000       0.2082       0.9891
 455       0.0000       1.0000       0.2081       0.9891
 456       0.0000       1.0000       0.2080       0.9891
 457       0.0000       1.0000       0.2079       0.9891
 458       0.0000       1.0000       0.2080       0.9890
 459       0.0000       1.0000       0.2081       0.9891
 460       0.0000       1.0000       0.2083       0.9891
 461       0.0000       1.0000       0.2086       0.9891
 462       0.0000       1.0000       0.2090       0.9891
 463       0.0000       1.0000       0.2094       0.9891
 464       0.0000       1.0000       0.2099       0.9892
 465       0.0000       1.0000       0.2104       0.9891
 466       0.0000       1.0000       0.2110       0.9890
 467       0.0000       1.0000       0.2115       0.9888
 468       0.0000       1.0000       0.2122       0.9889
 469       0.0000       1.0000       0.2130       0.9889
 470       0.0000       1.0000       0.2139       0.9887
 471       0.0000       1.0000       0.2148       0.9887
 472       0.0000       1.0000       0.2158       0.9887
 473       0.0000       1.0000       0.2168       0.9886
 474       0.0000       1.0000       0.2181       0.9887
 475       0.0000       1.0000       0.2191       0.9887
 476       0.0000       1.0000       0.2210       0.9888
 477       0.0000       1.0000       0.2224       0.9890
 478       0.0000       1.0000       0.2236       0.9889
 479       0.0000       1.0000       0.2262       0.9887
 480       0.0000       1.0000       0.2273       0.9886
 481       0.0000       1.0000       0.2296       0.9887
 482       0.0000       1.0000       0.2304       0.9889
 483       0.0000       1.0000       0.2359       0.9884
 484       0.0050       0.9994       0.2840       0.9853
 485       0.0053       0.9990       0.2174       0.9885
 486       0.0009       0.9998       0.2353       0.9877
 487       0.0014       0.9997       0.2246       0.9887
 488       0.0007       0.9998       0.2268       0.9879
 489       0.0002       1.0000       0.2063       0.9888
 490       0.0000       1.0000       0.2101       0.9889
 491       0.0000       1.0000       0.2098       0.9888
 492       0.0000       1.0000       0.2096       0.9885
 493       0.0000       1.0000       0.2094       0.9884
 494       0.0000       1.0000       0.2092       0.9884
 495       0.0000       1.0000       0.2091       0.9884
 496       0.0000       1.0000       0.2091       0.9884
 497       0.0000       1.0000       0.2090       0.9884
 498       0.0000       1.0000       0.2090       0.9884
 499       0.0000       1.0000       0.2090       0.9885
 500       0.0000       1.0000       0.2091       0.9885
 501       0.0000       1.0000       0.2091       0.9885
 502       0.0000       1.0000       0.2092       0.9885
 503       0.0000       1.0000       0.2093       0.9885
 504       0.0000       1.0000       0.2095       0.9885
 505       0.0000       1.0000       0.2096       0.9884
 506       0.0000       1.0000       0.2098       0.9884
 507       0.0000       1.0000       0.2099       0.9884
 508       0.0000       1.0000       0.2101       0.9885
 509       0.0000       1.0000       0.2104       0.9885
 510       0.0000       1.0000       0.2107       0.9886
 511       0.0000       1.0000       0.2109       0.9886
 512       0.0000       1.0000       0.2113       0.9886
 513       0.0000       1.0000       0.2117       0.9885
 514       0.0000       1.0000       0.2122       0.9886
 515       0.0000       1.0000       0.2127       0.9886
 516       0.0000       1.0000       0.2132       0.9885
 517       0.0000       1.0000       0.2137       0.9885
 518       0.0000       1.0000       0.2143       0.9885
 519       0.0000       1.0000       0.2149       0.9885
 520       0.0000       1.0000       0.2155       0.9885
 521       0.0000       1.0000       0.2161       0.9885
 522       0.0000       1.0000       0.2169       0.9886
 523       0.0000       1.0000       0.2176       0.9887
 524       0.0000       1.0000       0.2182       0.9887
 525       0.0000       1.0000       0.2194       0.9887
 526       0.0000       1.0000       0.2205       0.9888
 527       0.0000       1.0000       0.2220       0.9887
 528       0.0000       1.0000       0.2237       0.9887
 529       0.0000       1.0000       0.2250       0.9888
 530       0.0000       1.0000       0.2268       0.9888
 531       0.0000       1.0000       0.2288       0.9887
 532       0.0000       1.0000       0.2326       0.9891
 533       0.0097       0.9987       0.2381       0.9880
 534       0.0010       0.9997       0.2248       0.9889
 535       0.0003       0.9999       0.2193       0.9888
 536       0.0013       0.9997       0.2146       0.9890
 537       0.0013       0.9996       0.2368       0.9891
 538       0.0015       0.9996       0.2423       0.9889
 539       0.0003       0.9998       0.2300       0.9888
 540       0.0009       0.9998       0.2371       0.9867
 541       0.0030       0.9993       0.2130       0.9887
 542       0.0018       0.9995       0.2173       0.9895
 543       0.0006       0.9999       0.2159       0.9889
 544       0.0000       1.0000       0.2166       0.9887
 545       0.0000       1.0000       0.2147       0.9888
 546       0.0000       1.0000       0.2140       0.9888
 547       0.0000       1.0000       0.2142       0.9888
 548       0.0000       1.0000       0.2144       0.9888
 549       0.0000       1.0000       0.2145       0.9889
 550       0.0000       1.0000       0.2145       0.9889
 551       0.0000       1.0000       0.2146       0.9889
 552       0.0000       1.0000       0.2146       0.9889
 553       0.0000       1.0000       0.2146       0.9889
 554       0.0000       1.0000       0.2146       0.9889
 555       0.0000       1.0000       0.2146       0.9888
 556       0.0000       1.0000       0.2145       0.9887
 557       0.0000       1.0000       0.2145       0.9888
 558       0.0000       1.0000       0.2145       0.9889
 559       0.0000       1.0000       0.2146       0.9889
 560       0.0000       1.0000       0.2146       0.9889
 561       0.0000       1.0000       0.2147       0.9889
 562       0.0000       1.0000       0.2148       0.9890
 563       0.0000       1.0000       0.2150       0.9891
 564       0.0000       1.0000       0.2152       0.9891
 565       0.0000       1.0000       0.2154       0.9891
 566       0.0000       1.0000       0.2157       0.9891
 567       0.0000       1.0000       0.2160       0.9892
 568       0.0000       1.0000       0.2164       0.9893
 569       0.0000       1.0000       0.2167       0.9892
 570       0.0000       1.0000       0.2171       0.9892
 571       0.0000       1.0000       0.2175       0.9891
 572       0.0000       1.0000       0.2179       0.9891
 573       0.0000       1.0000       0.2183       0.9891
 574       0.0000       1.0000       0.2187       0.9890
 575       0.0000       1.0000       0.2193       0.9889
 576       0.0000       1.0000       0.2198       0.9890
 577       0.0000       1.0000       0.2206       0.9889
 578       0.0000       1.0000       0.2212       0.9889
 579       0.0000       1.0000       0.2221       0.9888
 580       0.0000       1.0000       0.2230       0.9888
 581       0.0000       1.0000       0.2239       0.9889
 582       0.0000       1.0000       0.2255       0.9891
 583       0.0000       1.0000       0.2277       0.9889
 584       0.0000       1.0000       0.2289       0.9892
 585       0.0000       1.0000       0.2318       0.9892
 586       0.0000       1.0000       0.2350       0.9889
 587       0.0000       1.0000       0.2381       0.9888
 588       0.0013       0.9998       0.3213       0.9857
 589       0.0098       0.9985       0.2432       0.9885
 590       0.0015       0.9996       0.2382       0.9882
 591       0.0004       0.9999       0.2297       0.9893
 592       0.0010       0.9998       0.2517       0.9886
 593       0.0028       0.9995       0.2143       0.9881
 594       0.0014       0.9997       0.2389       0.9881
 595       0.0010       0.9998       0.2419       0.9878
 596       0.0004       0.9999       0.2348       0.9889
 597       0.0003       0.9999       0.2490       0.9879
 598       0.0056       0.9988       0.2421       0.9880
 599       0.0002       0.9999       0.2252       0.9881
 600       0.0000       1.0000       0.2254       0.9885
 601       0.0000       1.0000       0.2253       0.9886
 602       0.0000       1.0000       0.2251       0.9887
 603       0.0000       1.0000       0.2250       0.9887
 604       0.0000       1.0000       0.2248       0.9887
 605       0.0000       1.0000       0.2246       0.9886
 606       0.0000       1.0000       0.2245       0.9886
 607       0.0000       1.0000       0.2244       0.9885
 608       0.0000       1.0000       0.2243       0.9885
 609       0.0000       1.0000       0.2242       0.9884
 610       0.0000       1.0000       0.2241       0.9884
 611       0.0000       1.0000       0.2241       0.9884
 612       0.0000       1.0000       0.2241       0.9884
 613       0.0000       1.0000       0.2241       0.9885
 614       0.0000       1.0000       0.2241       0.9885
 615       0.0000       1.0000       0.2241       0.9885
 616       0.0000       1.0000       0.2242       0.9886
 617       0.0000       1.0000       0.2243       0.9886
 618       0.0000       1.0000       0.2244       0.9886
 619       0.0000       1.0000       0.2245       0.9886
 620       0.0000       1.0000       0.2248       0.9887
 621       0.0000       1.0000       0.2249       0.9887
 622       0.0000       1.0000       0.2252       0.9887
 623       0.0000       1.0000       0.2254       0.9887
 624       0.0000       1.0000       0.2258       0.9887
 625       0.0000       1.0000       0.2261       0.9886
 626       0.0000       1.0000       0.2266       0.9886
 627       0.0000       1.0000       0.2269       0.9886
 628       0.0000       1.0000       0.2274       0.9886
 629       0.0000       1.0000       0.2278       0.9886
 630       0.0000       1.0000       0.2285       0.9886
 631       0.0000       1.0000       0.2289       0.9887
 632       0.0000       1.0000       0.2297       0.9887
 633       0.0000       1.0000       0.2304       0.9888
 634       0.0000       1.0000       0.2310       0.9890
 635       0.0000       1.0000       0.2319       0.9890
 636       0.0000       1.0000       0.2329       0.9890
 637       0.0000       1.0000       0.2337       0.9890
 638       0.0000       1.0000       0.2352       0.9890
 639       0.0000       1.0000       0.2366       0.9886
 640       0.0000       1.0000       0.2382       0.9886
 641       0.0000       1.0000       0.2399       0.9887
 642       0.0000       1.0000       0.2416       0.9887
 643       0.0000       1.0000       0.2442       0.9889
 644       0.0000       1.0000       0.2456       0.9890
 645       0.0000       1.0000       0.2502       0.9888
 646       0.0092       0.9987       0.2400       0.9879
 647       0.0030       0.9995       0.2420       0.9887
 648       0.0014       0.9996       0.2322       0.9888
 649       0.0015       0.9998       0.2606       0.9881
 650       0.0000       1.0000       0.2549       0.9876
 651       0.0000       1.0000       0.2490       0.9878
 652       0.0000       1.0000       0.2489       0.9879
 653       0.0000       1.0000       0.2488       0.9879
 654       0.0000       1.0000       0.2488       0.9879
 655       0.0000       1.0000       0.2487       0.9878
 656       0.0000       1.0000       0.2486       0.9878
 657       0.0000       1.0000       0.2484       0.9878
 658       0.0000       1.0000       0.2483       0.9879
 659       0.0000       1.0000       0.2481       0.9879
 660       0.0000       1.0000       0.2480       0.9879
 661       0.0000       1.0000       0.2479       0.9879
 662       0.0000       1.0000       0.2477       0.9879
 663       0.0000       1.0000       0.2476       0.9879
 664       0.0000       1.0000       0.2475       0.9880
 665       0.0000       1.0000       0.2473       0.9879
 666       0.0000       1.0000       0.2472       0.9880
 667       0.0000       1.0000       0.2471       0.9881
 668       0.0000       1.0000       0.2470       0.9881
 669       0.0000       1.0000       0.2469       0.9881
 670       0.0000       1.0000       0.2467       0.9881
 671       0.0000       1.0000       0.2466       0.9881
 672       0.0000       1.0000       0.2465       0.9880
 673       0.0000       1.0000       0.2464       0.9881
 674       0.0000       1.0000       0.2463       0.9880
 675       0.0000       1.0000       0.2463       0.9881
 676       0.0000       1.0000       0.2462       0.9881
 677       0.0000       1.0000       0.2462       0.9881
 678       0.0000       1.0000       0.2463       0.9881
 679       0.0000       1.0000       0.2465       0.9881
 680       0.0000       1.0000       0.2465       0.9882
 681       0.0000       1.0000       0.2467       0.9883
 682       0.0000       1.0000       0.2471       0.9883
 683       0.0000       1.0000       0.2473       0.9881
 684       0.0000       1.0000       0.2477       0.9882
 685       0.0000       1.0000       0.2484       0.9883
 686       0.0000       1.0000       0.2494       0.9883
 687       0.0000       1.0000       0.2501       0.9883
 688       0.0000       1.0000       0.2513       0.9884
 689       0.0000       1.0000       0.2528       0.9885
 690       0.0000       1.0000       0.2545       0.9886
 691       0.0000       1.0000       0.2568       0.9885
 692       0.0000       1.0000       0.2597       0.9885
 693       0.0000       1.0000       0.2621       0.9888
 694       0.0000       1.0000       0.2638       0.9888
 695       0.0000       1.0000       0.2669       0.9887
 696       0.0115       0.9985       0.2658       0.9871
 697       0.0017       0.9996       0.2480       0.9884
 698       0.0008       0.9998       0.2677       0.9874
 699       0.0009       0.9998       0.2593       0.9879
 700       0.0017       0.9996       0.2473       0.9885
 701       0.0000       1.0000       0.2383       0.9890
 702       0.0000       1.0000       0.2395       0.9889
 703       0.0000       1.0000       0.2392       0.9888
 704       0.0000       1.0000       0.2389       0.9887
 705       0.0000       1.0000       0.2386       0.9887
 706       0.0000       1.0000       0.2383       0.9887
 707       0.0000       1.0000       0.2380       0.9888
 708       0.0000       1.0000       0.2378       0.9888
 709       0.0000       1.0000       0.2376       0.9887
 710       0.0000       1.0000       0.2374       0.9888
 711       0.0000       1.0000       0.2372       0.9888
 712       0.0000       1.0000       0.2371       0.9888
 713       0.0000       1.0000       0.2370       0.9889
 714       0.0000       1.0000       0.2369       0.9889
 715       0.0000       1.0000       0.2369       0.9888
 716       0.0000       1.0000       0.2368       0.9888
 717       0.0000       1.0000       0.2368       0.9889
 718       0.0000       1.0000       0.2369       0.9890
 719       0.0000       1.0000       0.2369       0.9890
 720       0.0000       1.0000       0.2370       0.9890
 721       0.0000       1.0000       0.2371       0.9890
 722       0.0000       1.0000       0.2372       0.9890
 723       0.0000       1.0000       0.2374       0.9890
 724       0.0000       1.0000       0.2376       0.9891
 725       0.0000       1.0000       0.2378       0.9891
 726       0.0000       1.0000       0.2381       0.9891
 727       0.0000       1.0000       0.2384       0.9891
 728       0.0000       1.0000       0.2387       0.9891
 729       0.0000       1.0000       0.2391       0.9892
 730       0.0000       1.0000       0.2395       0.9892
 731       0.0000       1.0000       0.2400       0.9891
 732       0.0000       1.0000       0.2404       0.9890
 733       0.0000       1.0000       0.2409       0.9890
 734       0.0000       1.0000       0.2415       0.9889
 735       0.0000       1.0000       0.2422       0.9890
 736       0.0000       1.0000       0.2430       0.9890
 737       0.0000       1.0000       0.2438       0.9890
 738       0.0000       1.0000       0.2451       0.9889
 739       0.0000       1.0000       0.2466       0.9890
 740       0.0000       1.0000       0.2479       0.9889
 741       0.0000       1.0000       0.2503       0.9888
 742       0.0000       1.0000       0.2519       0.9889
 743       0.0000       1.0000       0.2553       0.9889
 744       0.0000       1.0000       0.2572       0.9888
 745       0.0000       1.0000       0.2603       0.9890
 746       0.0089       0.9990       0.2651       0.9882
 747       0.0046       0.9991       0.2672       0.9877
 748       0.0007       0.9998       0.2508       0.9883
 749       0.0007       0.9998       0.2618       0.9875
 750       0.0006       0.9997       0.2671       0.9879
 751       0.0022       0.9994       0.2389       0.9881
 752       0.0033       0.9995       0.2435       0.9886
 753       0.0001       0.9999       0.2671       0.9869
 754       0.0012       0.9996       0.2512       0.9876
 755       0.0013       0.9997       0.2686       0.9877
 756       0.0027       0.9994       0.2516       0.9879
 757       0.0005       0.9998       0.2688       0.9877
 758       0.0015       0.9996       0.2544       0.9881
 759       0.0015       0.9997       0.2686       0.9875
 760       0.0008       0.9998       0.2634       0.9879
 761       0.0013       0.9997       0.2918       0.9874
 762       0.0009       0.9997       0.2704       0.9874
 763       0.0029       0.9993       0.2855       0.9877
 764       0.0006       0.9998       0.2892       0.9874
 765       0.0004       0.9999       0.2818       0.9871
 766       0.0010       0.9998       0.2647       0.9876
 767       0.0012       0.9997       0.2867       0.9865
 768       0.0025       0.9996       0.2591       0.9880
 769       0.0015       0.9997       0.2623       0.9883
 770       0.0027       0.9995       0.2466       0.9895
 771       0.0017       0.9995       0.2704       0.9877
 772       0.0003       0.9999       0.2515       0.9882
 773       0.0016       0.9997       0.2667       0.9874
 774       0.0006       0.9999       0.2449       0.9887
 775       0.0002       0.9999       0.2582       0.9879
 776       0.0026       0.9993       0.2600       0.9883
 777       0.0017       0.9997       0.2570       0.9883
 778       0.0016       0.9997       0.2504       0.9885
 779       0.0021       0.9995       0.2554       0.9886
 780       0.0009       0.9998       0.2666       0.9882
 781       0.0013       0.9997       0.2672       0.9881
 782       0.0020       0.9996       0.2726       0.9872
 783       0.0016       0.9997       0.2835       0.9880
 784       0.0012       0.9997       0.2923       0.9882
 785       0.0011       0.9998       0.2679       0.9887
 786       0.0000       1.0000       0.2591       0.9890
 787       0.0000       1.0000       0.2581       0.9891
 788       0.0000       1.0000       0.2578       0.9890
 789       0.0000       1.0000       0.2576       0.9889
 790       0.0000       1.0000       0.2575       0.9889
 791       0.0000       1.0000       0.2573       0.9889
 792       0.0000       1.0000       0.2572       0.9891
 793       0.0000       1.0000       0.2571       0.9889
 794       0.0000       1.0000       0.2570       0.9889
 795       0.0000       1.0000       0.2568       0.9889
 796       0.0000       1.0000       0.2567       0.9889
 797       0.0000       1.0000       0.2566       0.9890
 798       0.0000       1.0000       0.2566       0.9888
 799       0.0000       1.0000       0.2565       0.9890
 800       0.0000       1.0000       0.2565       0.9890
 801       0.0000       1.0000       0.2565       0.9890
 802       0.0000       1.0000       0.2565       0.9890
 803       0.0000       1.0000       0.2565       0.9889
 804       0.0000       1.0000       0.2565       0.9889
 805       0.0000       1.0000       0.2566       0.9889
 806       0.0000       1.0000       0.2566       0.9890
 807       0.0000       1.0000       0.2567       0.9890
 808       0.0000       1.0000       0.2568       0.9890
 809       0.0000       1.0000       0.2569       0.9889
 810       0.0000       1.0000       0.2570       0.9889
 811       0.0000       1.0000       0.2571       0.9890
 812       0.0000       1.0000       0.2572       0.9890
 813       0.0000       1.0000       0.2574       0.9890
 814       0.0000       1.0000       0.2575       0.9890
 815       0.0000       1.0000       0.2578       0.9889
 816       0.0000       1.0000       0.2581       0.9888
 817       0.0000       1.0000       0.2584       0.9888
 818       0.0000       1.0000       0.2588       0.9888
 819       0.0000       1.0000       0.2590       0.9889
 820       0.0000       1.0000       0.2597       0.9889
 821       0.0000       1.0000       0.2607       0.9889
 822       0.0000       1.0000       0.2616       0.9888
 823       0.0000       1.0000       0.2627       0.9889
 824       0.0000       1.0000       0.2636       0.9889
 825       0.0000       1.0000       0.2654       0.9888
 826       0.0000       1.0000       0.2673       0.9890
 827       0.0000       1.0000       0.2696       0.9889
 828       0.0000       1.0000       0.2720       0.9890
 829       0.0000       1.0000       0.2746       0.9890
 830       0.0000       1.0000       0.2774       0.9888
 831       0.0000       1.0000       0.2779       0.9891
 832       0.0065       0.9991       0.2898       0.9882
 833       0.0043       0.9993       0.2622       0.9895
 834       0.0018       0.9996       0.2941       0.9875
 835       0.0019       0.9996       0.3287       0.9875
 836       0.0007       0.9998       0.2933       0.9887
 837       0.0015       0.9996       0.3020       0.9880
 838       0.0003       0.9999       0.2857       0.9888
 839       0.0000       1.0000       0.2843       0.9889
 840       0.0000       1.0000       0.2848       0.9887
 841       0.0000       1.0000       0.2851       0.9887
 842       0.0000       1.0000       0.2853       0.9887
 843       0.0000       1.0000       0.2855       0.9886
 844       0.0000       1.0000       0.2857       0.9885
 845       0.0000       1.0000       0.2859       0.9886
 846       0.0000       1.0000       0.2860       0.9887
 847       0.0000       1.0000       0.2861       0.9887
 848       0.0000       1.0000       0.2861       0.9888
 849       0.0000       1.0000       0.2861       0.9888
 850       0.0000       1.0000       0.2861       0.9888
 851       0.0000       1.0000       0.2860       0.9888
 852       0.0000       1.0000       0.2860       0.9888
 853       0.0000       1.0000       0.2859       0.9888
 854       0.0000       1.0000       0.2857       0.9887
 855       0.0000       1.0000       0.2856       0.9886
 856       0.0000       1.0000       0.2854       0.9887
 857       0.0000       1.0000       0.2852       0.9886
 858       0.0000       1.0000       0.2850       0.9886
 859       0.0000       1.0000       0.2848       0.9886
 860       0.0000       1.0000       0.2846       0.9886
 861       0.0000       1.0000       0.2845       0.9887
 862       0.0000       1.0000       0.2842       0.9887
 863       0.0000       1.0000       0.2840       0.9887
 864       0.0000       1.0000       0.2839       0.9888
 865       0.0000       1.0000       0.2837       0.9888
 866       0.0000       1.0000       0.2836       0.9888
 867       0.0000       1.0000       0.2835       0.9888
 868       0.0000       1.0000       0.2834       0.9888
 869       0.0000       1.0000       0.2833       0.9886
 870       0.0000       1.0000       0.2834       0.9886
 871       0.0000       1.0000       0.2836       0.9886
 872       0.0000       1.0000       0.2838       0.9886
 873       0.0000       1.0000       0.2842       0.9886
 874       0.0000       1.0000       0.2848       0.9886
 875       0.0000       1.0000       0.2859       0.9887
 876       0.0000       1.0000       0.2868       0.9887
 877       0.0000       1.0000       0.2880       0.9887
 878       0.0000       1.0000       0.2900       0.9887
 879       0.0000       1.0000       0.2923       0.9887
 880       0.0000       1.0000       0.2943       0.9885
 881       0.0000       1.0000       0.2975       0.9885
 882       0.0000       1.0000       0.3015       0.9884
 883       0.0000       1.0000       0.3086       0.9880
 884       0.0102       0.9987       0.3357       0.9871
 885       0.0024       0.9994       0.2947       0.9879
 886       0.0006       0.9999       0.2824       0.9884
 887       0.0001       1.0000       0.2798       0.9885
 888       0.0000       1.0000       0.2813       0.9881
 889       0.0000       1.0000       0.2808       0.9881
 890       0.0000       1.0000       0.2805       0.9881
 891       0.0000       1.0000       0.2802       0.9882
 892       0.0000       1.0000       0.2800       0.9882
 893       0.0000       1.0000       0.2797       0.9881
 894       0.0000       1.0000       0.2795       0.9881
 895       0.0000       1.0000       0.2792       0.9881
 896       0.0000       1.0000       0.2790       0.9881
 897       0.0000       1.0000       0.2787       0.9882
 898       0.0000       1.0000       0.2785       0.9882
 899       0.0000       1.0000       0.2782       0.9883
 900       0.0000       1.0000       0.2780       0.9883
 901       0.0000       1.0000       0.2778       0.9884
 902       0.0000       1.0000       0.2775       0.9884
 903       0.0000       1.0000       0.2774       0.9884
 904       0.0000       1.0000       0.2772       0.9883
 905       0.0000       1.0000       0.2771       0.9884
 906       0.0000       1.0000       0.2770       0.9883
 907       0.0000       1.0000       0.2769       0.9883
 908       0.0000       1.0000       0.2769       0.9883
 909       0.0000       1.0000       0.2768       0.9884
 910       0.0000       1.0000       0.2768       0.9884
 911       0.0000       1.0000       0.2768       0.9884
 912       0.0000       1.0000       0.2769       0.9884
 913       0.0000       1.0000       0.2769       0.9884
 914       0.0000       1.0000       0.2771       0.9884
 915       0.0000       1.0000       0.2772       0.9885
 916       0.0000       1.0000       0.2774       0.9885
 917       0.0000       1.0000       0.2776       0.9887
 918       0.0000       1.0000       0.2779       0.9887
 919       0.0000       1.0000       0.2784       0.9886
 920       0.0000       1.0000       0.2787       0.9886
 921       0.0000       1.0000       0.2793       0.9886
 922       0.0000       1.0000       0.2799       0.9886
 923       0.0000       1.0000       0.2806       0.9885
 924       0.0000       1.0000       0.2812       0.9885
 925       0.0000       1.0000       0.2827       0.9886
 926       0.0000       1.0000       0.2844       0.9885
 927       0.0000       1.0000       0.2857       0.9885
 928       0.0000       1.0000       0.2883       0.9885
 929       0.0000       1.0000       0.2904       0.9884
 930       0.0000       1.0000       0.2947       0.9886
 931       0.0000       1.0000       0.2939       0.9884
 932       0.0000       1.0000       0.2994       0.9883
 933       0.0052       0.9994       0.3441       0.9879
 934       0.0057       0.9991       0.3182       0.9879
 935       0.0017       0.9997       0.3031       0.9881
 936       0.0007       0.9998       0.2868       0.9883
 937       0.0012       0.9998       0.2878       0.9889
 938       0.0019       0.9996       0.3188       0.9871
 939       0.0033       0.9994       0.3024       0.9883
 940       0.0014       0.9998       0.2959       0.9874
 941       0.0017       0.9996       0.3091       0.9881
 942       0.0007       0.9998       0.2895       0.9888
 943       0.0005       0.9999       0.3021       0.9882
 944       0.0020       0.9996       0.3016       0.9879
 945       0.0021       0.9996       0.2759       0.9886
 946       0.0008       0.9997       0.2836       0.9875
 947       0.0014       0.9996       0.3124       0.9880
 948       0.0006       0.9999       0.2897       0.9882
 949       0.0001       1.0000       0.2953       0.9880
 950       0.0000       1.0000       0.2874       0.9883
 951       0.0000       1.0000       0.2859       0.9885
 952       0.0000       1.0000       0.2858       0.9885
 953       0.0000       1.0000       0.2857       0.9883
 954       0.0000       1.0000       0.2855       0.9884
 955       0.0000       1.0000       0.2854       0.9884
 956       0.0000       1.0000       0.2852       0.9885
 957       0.0000       1.0000       0.2851       0.9885
 958       0.0000       1.0000       0.2849       0.9884
 959       0.0000       1.0000       0.2847       0.9884
 960       0.0000       1.0000       0.2845       0.9884
 961       0.0000       1.0000       0.2843       0.9884
 962       0.0000       1.0000       0.2841       0.9884
 963       0.0000       1.0000       0.2839       0.9884
 964       0.0000       1.0000       0.2837       0.9884
 965       0.0000       1.0000       0.2835       0.9882
 966       0.0000       1.0000       0.2834       0.9882
 967       0.0000       1.0000       0.2833       0.9882
 968       0.0000       1.0000       0.2832       0.9883
 969       0.0000       1.0000       0.2832       0.9883
 970       0.0000       1.0000       0.2832       0.9883
 971       0.0000       1.0000       0.2832       0.9883
 972       0.0000       1.0000       0.2833       0.9884
 973       0.0000       1.0000       0.2833       0.9884
 974       0.0000       1.0000       0.2835       0.9884
 975       0.0000       1.0000       0.2836       0.9884
 976       0.0000       1.0000       0.2837       0.9884
 977       0.0000       1.0000       0.2839       0.9884
 978       0.0000       1.0000       0.2841       0.9884
 979       0.0000       1.0000       0.2843       0.9883
 980       0.0000       1.0000       0.2847       0.9883
 981       0.0000       1.0000       0.2850       0.9882
 982       0.0000       1.0000       0.2854       0.9882
 983       0.0000       1.0000       0.2859       0.9883
 984       0.0000       1.0000       0.2868       0.9883
 985       0.0000       1.0000       0.2875       0.9882
 986       0.0000       1.0000       0.2885       0.9882
 987       0.0000       1.0000       0.2900       0.9881
 988       0.0000       1.0000       0.2914       0.9885
 989       0.0000       1.0000       0.2938       0.9885
 990       0.0000       1.0000       0.2951       0.9885
 991       0.0000       1.0000       0.2988       0.9884
 992       0.0000       1.0000       0.3003       0.9883
 993       0.0000       1.0000       0.3056       0.9884
 994       0.0000       1.0000       0.3093       0.9888
 995       0.0079       0.9990       0.3039       0.9879
 996       0.0038       0.9993       0.3032       0.9886
 997       0.0008       0.9998       0.3023       0.9882
 998       0.0016       0.9997       0.3267       0.9872
 999       0.0007       0.9998       0.2885       0.9890
