   0       0.6241       0.8548       0.3643       0.9034
   1       0.3512       0.9041       0.3104       0.9136
   2       0.3139       0.9129       0.2911       0.9179
   3       0.2963       0.9174       0.2814       0.9197
   4       0.2857       0.9205       0.2758       0.9217
   5       0.2784       0.9227       0.2721       0.9229
   6       0.2730       0.9241       0.2697       0.9247
   7       0.2688       0.9251       0.2679       0.9255
   8       0.2653       0.9260       0.2667       0.9261
   9       0.2625       0.9270       0.2657       0.9264
  10       0.2600       0.9277       0.2650       0.9266
  11       0.2579       0.9285       0.2645       0.9269
  12       0.2560       0.9293       0.2642       0.9269
  13       0.2543       0.9301       0.2639       0.9268
  14       0.2528       0.9306       0.2637       0.9268
  15       0.2515       0.9311       0.2636       0.9265
  16       0.2502       0.9317       0.2636       0.9264
  17       0.2491       0.9319       0.2636       0.9264
  18       0.2481       0.9322       0.2637       0.9266
  19       0.2471       0.9324       0.2638       0.9268
  20       0.2462       0.9326       0.2639       0.9266
  21       0.2453       0.9327       0.2640       0.9266
  22       0.2445       0.9330       0.2642       0.9264
  23       0.2438       0.9333       0.2644       0.9262
  24       0.2431       0.9336       0.2646       0.9259
  25       0.2424       0.9337       0.2648       0.9256
  26       0.2418       0.9339       0.2651       0.9257
  27       0.2412       0.9341       0.2653       0.9257
  28       0.2407       0.9343       0.2656       0.9258
  29       0.2401       0.9346       0.2659       0.9262
  30       0.2396       0.9347       0.2661       0.9263
  31       0.2391       0.9349       0.2664       0.9263
  32       0.2386       0.9351       0.2667       0.9263
  33       0.2382       0.9350       0.2670       0.9264
  34       0.2377       0.9351       0.2673       0.9264
  35       0.2373       0.9352       0.2676       0.9264
  36       0.2369       0.9352       0.2679       0.9263
  37       0.2365       0.9354       0.2682       0.9264
  38       0.2362       0.9355       0.2685       0.9266
  39       0.2358       0.9356       0.2688       0.9269
  40       0.2355       0.9356       0.2691       0.9268
  41       0.2351       0.9357       0.2694       0.9267
  42       0.2348       0.9358       0.2697       0.9265
  43       0.2345       0.9358       0.2700       0.9265
  44       0.2342       0.9358       0.2703       0.9266
  45       0.2339       0.9360       0.2706       0.9266
  46       0.2336       0.9359       0.2709       0.9266
  47       0.2333       0.9360       0.2712       0.9266
  48       0.2330       0.9360       0.2715       0.9265
  49       0.2327       0.9360       0.2718       0.9264
  50       0.2325       0.9360       0.2721       0.9265
  51       0.2322       0.9360       0.2724       0.9267
  52       0.2320       0.9360       0.2727       0.9267
  53       0.2317       0.9361       0.2730       0.9269
  54       0.2315       0.9362       0.2733       0.9268
  55       0.2313       0.9361       0.2736       0.9268
  56       0.2310       0.9361       0.2739       0.9271
  57       0.2308       0.9362       0.2742       0.9271
  58       0.2306       0.9362       0.2745       0.9272
  59       0.2304       0.9363       0.2748       0.9271
  60       0.2302       0.9363       0.2751       0.9270
  61       0.2300       0.9364       0.2754       0.9267
  62       0.2298       0.9365       0.2757       0.9268
  63       0.2296       0.9365       0.2760       0.9268
  64       0.2294       0.9366       0.2762       0.9268
  65       0.2292       0.9365       0.2765       0.9268
  66       0.2290       0.9366       0.2768       0.9268
  67       0.2289       0.9367       0.2771       0.9267
  68       0.2287       0.9366       0.2774       0.9268
  69       0.2285       0.9367       0.2776       0.9268
  70       0.2283       0.9367       0.2779       0.9267
  71       0.2282       0.9368       0.2782       0.9267
  72       0.2280       0.9369       0.2785       0.9266
  73       0.2279       0.9369       0.2787       0.9266
  74       0.2277       0.9370       0.2790       0.9267
  75       0.2275       0.9370       0.2793       0.9268
  76       0.2274       0.9370       0.2795       0.9268
  77       0.2272       0.9370       0.2798       0.9267
  78       0.2271       0.9372       0.2801       0.9267
  79       0.2270       0.9373       0.2803       0.9267
  80       0.2268       0.9373       0.2806       0.9265
  81       0.2267       0.9374       0.2808       0.9265
  82       0.2265       0.9374       0.2811       0.9265
  83       0.2264       0.9374       0.2813       0.9264
  84       0.2263       0.9375       0.2816       0.9264
  85       0.2261       0.9376       0.2819       0.9264
  86       0.2260       0.9377       0.2821       0.9264
  87       0.2259       0.9377       0.2823       0.9264
  88       0.2257       0.9377       0.2826       0.9264
  89       0.2256       0.9378       0.2828       0.9264
  90       0.2255       0.9379       0.2831       0.9264
  91       0.2254       0.9379       0.2833       0.9264
  92       0.2253       0.9379       0.2836       0.9262
  93       0.2251       0.9379       0.2838       0.9261
  94       0.2250       0.9379       0.2840       0.9261
  95       0.2249       0.9380       0.2843       0.9260
  96       0.2248       0.9380       0.2845       0.9259
  97       0.2247       0.9381       0.2847       0.9259
  98       0.2246       0.9382       0.2850       0.9256
  99       0.2245       0.9382       0.2852       0.9256
 100       0.2244       0.9384       0.2854       0.9256
 101       0.2243       0.9384       0.2857       0.9254
 102       0.2242       0.9384       0.2859       0.9254
 103       0.2241       0.9384       0.2861       0.9254
 104       0.2239       0.9385       0.2863       0.9253
 105       0.2238       0.9384       0.2865       0.9254
 106       0.2237       0.9384       0.2868       0.9256
 107       0.2237       0.9384       0.2870       0.9257
 108       0.2236       0.9384       0.2872       0.9258
 109       0.2235       0.9385       0.2874       0.9259
 110       0.2234       0.9385       0.2876       0.9258
 111       0.2233       0.9385       0.2879       0.9257
 112       0.2232       0.9386       0.2881       0.9257
 113       0.2231       0.9385       0.2883       0.9258
 114       0.2230       0.9386       0.2885       0.9259
 115       0.2229       0.9386       0.2887       0.9258
 116       0.2228       0.9386       0.2889       0.9257
 117       0.2227       0.9386       0.2891       0.9256
 118       0.2226       0.9386       0.2893       0.9256
 119       0.2226       0.9386       0.2895       0.9255
 120       0.2225       0.9386       0.2897       0.9255
 121       0.2224       0.9386       0.2899       0.9254
 122       0.2223       0.9387       0.2901       0.9254
 123       0.2222       0.9387       0.2903       0.9254
 124       0.2221       0.9387       0.2905       0.9254
 125       0.2221       0.9387       0.2907       0.9254
 126       0.2220       0.9387       0.2909       0.9254
 127       0.2219       0.9387       0.2911       0.9255
 128       0.2218       0.9387       0.2913       0.9255
 129       0.2218       0.9388       0.2915       0.9256
 130       0.2217       0.9388       0.2917       0.9256
 131       0.2216       0.9388       0.2919       0.9256
 132       0.2215       0.9389       0.2921       0.9256
 133       0.2215       0.9389       0.2923       0.9257
 134       0.2214       0.9388       0.2925       0.9258
 135       0.2213       0.9388       0.2927       0.9255
 136       0.2212       0.9388       0.2929       0.9254
 137       0.2212       0.9389       0.2930       0.9254
 138       0.2211       0.9389       0.2932       0.9254
 139       0.2210       0.9389       0.2934       0.9254
 140       0.2210       0.9389       0.2936       0.9254
 141       0.2209       0.9389       0.2938       0.9254
 142       0.2208       0.9390       0.2940       0.9254
 143       0.2208       0.9390       0.2942       0.9253
 144       0.2207       0.9390       0.2943       0.9252
 145       0.2206       0.9390       0.2945       0.9252
 146       0.2206       0.9390       0.2947       0.9252
 147       0.2205       0.9390       0.2949       0.9251
 148       0.2204       0.9390       0.2951       0.9251
 149       0.2204       0.9390       0.2953       0.9251
 150       0.2203       0.9390       0.2954       0.9251
 151       0.2203       0.9391       0.2956       0.9251
 152       0.2202       0.9391       0.2958       0.9251
 153       0.2201       0.9391       0.2960       0.9250
 154       0.2201       0.9391       0.2961       0.9250
 155       0.2200       0.9391       0.2963       0.9251
 156       0.2200       0.9391       0.2965       0.9251
 157       0.2199       0.9392       0.2967       0.9252
 158       0.2198       0.9391       0.2968       0.9252
 159       0.2198       0.9391       0.2970       0.9252
 160       0.2197       0.9392       0.2972       0.9252
 161       0.2197       0.9392       0.2974       0.9252
 162       0.2196       0.9391       0.2975       0.9252
 163       0.2196       0.9392       0.2977       0.9253
 164       0.2195       0.9391       0.2979       0.9253
 165       0.2195       0.9392       0.2980       0.9253
 166       0.2194       0.9391       0.2982       0.9253
 167       0.2193       0.9392       0.2984       0.9255
 168       0.2193       0.9392       0.2985       0.9254
 169       0.2192       0.9392       0.2987       0.9254
 170       0.2192       0.9392       0.2989       0.9255
 171       0.2191       0.9392       0.2990       0.9255
 172       0.2191       0.9393       0.2992       0.9254
 173       0.2190       0.9393       0.2994       0.9254
 174       0.2190       0.9393       0.2995       0.9255
 175       0.2189       0.9393       0.2997       0.9255
 176       0.2189       0.9393       0.2999       0.9255
 177       0.2188       0.9393       0.3000       0.9255
 178       0.2188       0.9393       0.3002       0.9255
 179       0.2187       0.9394       0.3003       0.9255
 180       0.2187       0.9394       0.3005       0.9256
 181       0.2186       0.9394       0.3007       0.9256
 182       0.2186       0.9394       0.3008       0.9257
 183       0.2185       0.9394       0.3010       0.9256
 184       0.2185       0.9394       0.3012       0.9256
 185       0.2185       0.9393       0.3013       0.9256
 186       0.2184       0.9394       0.3015       0.9256
 187       0.2184       0.9394       0.3016       0.9255
 188       0.2183       0.9394       0.3018       0.9255
 189       0.2183       0.9394       0.3019       0.9257
 190       0.2182       0.9395       0.3021       0.9257
 191       0.2182       0.9394       0.3022       0.9258
 192       0.2181       0.9395       0.3024       0.9258
 193       0.2181       0.9395       0.3026       0.9257
 194       0.2181       0.9395       0.3027       0.9257
 195       0.2180       0.9395       0.3029       0.9257
 196       0.2180       0.9395       0.3030       0.9257
 197       0.2179       0.9395       0.3032       0.9257
 198       0.2179       0.9395       0.3033       0.9257
 199       0.2178       0.9396       0.3035       0.9259
 200       0.2178       0.9396       0.3036       0.9257
 201       0.2178       0.9396       0.3038       0.9257
 202       0.2177       0.9396       0.3039       0.9258
 203       0.2177       0.9396       0.3041       0.9258
 204       0.2176       0.9396       0.3042       0.9258
 205       0.2176       0.9396       0.3044       0.9258
 206       0.2176       0.9396       0.3045       0.9257
 207       0.2175       0.9397       0.3047       0.9257
 208       0.2175       0.9396       0.3048       0.9257
 209       0.2174       0.9396       0.3050       0.9257
 210       0.2174       0.9397       0.3051       0.9258
 211       0.2174       0.9397       0.3053       0.9258
 212       0.2173       0.9397       0.3054       0.9259
 213       0.2173       0.9397       0.3056       0.9258
 214       0.2173       0.9397       0.3057       0.9258
 215       0.2172       0.9397       0.3059       0.9258
 216       0.2172       0.9398       0.3060       0.9257
 217       0.2172       0.9397       0.3061       0.9257
 218       0.2171       0.9398       0.3063       0.9258
 219       0.2171       0.9398       0.3064       0.9256
 220       0.2170       0.9398       0.3066       0.9256
 221       0.2170       0.9398       0.3067       0.9256
 222       0.2170       0.9398       0.3069       0.9256
 223       0.2169       0.9398       0.3070       0.9257
 224       0.2169       0.9399       0.3071       0.9256
 225       0.2169       0.9399       0.3073       0.9256
 226       0.2168       0.9399       0.3074       0.9256
 227       0.2168       0.9399       0.3076       0.9256
 228       0.2168       0.9399       0.3077       0.9256
 229       0.2167       0.9399       0.3079       0.9256
 230       0.2167       0.9399       0.3080       0.9256
 231       0.2167       0.9399       0.3081       0.9256
 232       0.2166       0.9399       0.3083       0.9256
 233       0.2166       0.9399       0.3084       0.9255
 234       0.2166       0.9400       0.3085       0.9257
 235       0.2165       0.9400       0.3087       0.9255
 236       0.2165       0.9400       0.3088       0.9255
 237       0.2165       0.9400       0.3090       0.9255
 238       0.2164       0.9400       0.3091       0.9255
 239       0.2164       0.9400       0.3092       0.9256
 240       0.2164       0.9400       0.3094       0.9255
 241       0.2163       0.9400       0.3095       0.9257
 242       0.2163       0.9401       0.3097       0.9257
 243       0.2163       0.9401       0.3098       0.9256
 244       0.2162       0.9400       0.3099       0.9257
 245       0.2162       0.9401       0.3101       0.9257
 246       0.2162       0.9401       0.3102       0.9257
 247       0.2162       0.9401       0.3103       0.9256
 248       0.2161       0.9401       0.3105       0.9256
 249       0.2161       0.9400       0.3106       0.9256
 250       0.2161       0.9401       0.3107       0.9257
 251       0.2160       0.9400       0.3109       0.9257
 252       0.2160       0.9401       0.3110       0.9255
 253       0.2160       0.9400       0.3111       0.9254
 254       0.2160       0.9400       0.3113       0.9254
 255       0.2159       0.9400       0.3114       0.9253
 256       0.2159       0.9401       0.3115       0.9254
 257       0.2159       0.9401       0.3117       0.9254
 258       0.2158       0.9401       0.3118       0.9254
 259       0.2158       0.9401       0.3119       0.9254
 260       0.2158       0.9401       0.3121       0.9254
 261       0.2158       0.9401       0.3122       0.9254
 262       0.2157       0.9401       0.3124       0.9254
 263       0.2157       0.9401       0.3125       0.9255
 264       0.2157       0.9401       0.3126       0.9254
 265       0.2156       0.9401       0.3127       0.9254
 266       0.2156       0.9401       0.3129       0.9254
 267       0.2156       0.9401       0.3130       0.9254
 268       0.2156       0.9401       0.3131       0.9254
 269       0.2155       0.9401       0.3133       0.9254
 270       0.2155       0.9400       0.3134       0.9254
 271       0.2155       0.9400       0.3135       0.9254
 272       0.2155       0.9400       0.3136       0.9254
 273       0.2154       0.9400       0.3138       0.9254
 274       0.2154       0.9401       0.3139       0.9254
 275       0.2154       0.9401       0.3140       0.9254
 276       0.2154       0.9401       0.3141       0.9255
 277       0.2153       0.9401       0.3143       0.9254
 278       0.2153       0.9402       0.3144       0.9255
 279       0.2153       0.9401       0.3145       0.9254
 280       0.2153       0.9401       0.3147       0.9254
 281       0.2152       0.9401       0.3148       0.9254
 282       0.2152       0.9401       0.3149       0.9254
 283       0.2152       0.9402       0.3150       0.9254
 284       0.2152       0.9402       0.3152       0.9254
 285       0.2151       0.9402       0.3153       0.9254
 286       0.2151       0.9402       0.3154       0.9254
 287       0.2151       0.9402       0.3155       0.9253
 288       0.2151       0.9402       0.3157       0.9253
 289       0.2150       0.9402       0.3158       0.9253
 290       0.2150       0.9402       0.3159       0.9253
 291       0.2150       0.9402       0.3160       0.9253
 292       0.2150       0.9402       0.3162       0.9253
 293       0.2149       0.9402       0.3163       0.9254
 294       0.2149       0.9402       0.3164       0.9255
 295       0.2149       0.9402       0.3165       0.9256
 296       0.2149       0.9402       0.3167       0.9254
 297       0.2149       0.9402       0.3168       0.9256
 298       0.2148       0.9402       0.3169       0.9254
 299       0.2148       0.9402       0.3170       0.9254
 300       0.2148       0.9402       0.3172       0.9254
 301       0.2148       0.9403       0.3173       0.9254
 302       0.2147       0.9402       0.3174       0.9254
 303       0.2147       0.9402       0.3175       0.9254
 304       0.2147       0.9402       0.3176       0.9254
 305       0.2147       0.9402       0.3177       0.9255
 306       0.2147       0.9403       0.3179       0.9252
 307       0.2146       0.9402       0.3180       0.9252
 308       0.2146       0.9403       0.3181       0.9252
 309       0.2146       0.9403       0.3182       0.9251
 310       0.2146       0.9403       0.3183       0.9251
 311       0.2145       0.9403       0.3185       0.9250
 312       0.2145       0.9403       0.3186       0.9251
 313       0.2145       0.9403       0.3187       0.9251
 314       0.2145       0.9402       0.3188       0.9251
 315       0.2145       0.9403       0.3189       0.9250
 316       0.2144       0.9403       0.3191       0.9251
 317       0.2144       0.9403       0.3192       0.9251
 318       0.2144       0.9403       0.3193       0.9252
 319       0.2144       0.9403       0.3194       0.9251
 320       0.2144       0.9403       0.3195       0.9250
 321       0.2143       0.9403       0.3196       0.9251
 322       0.2143       0.9403       0.3198       0.9251
 323       0.2143       0.9403       0.3199       0.9252
 324       0.2143       0.9402       0.3200       0.9251
 325       0.2143       0.9402       0.3201       0.9252
 326       0.2142       0.9402       0.3202       0.9251
 327       0.2142       0.9402       0.3203       0.9250
 328       0.2142       0.9403       0.3204       0.9251
 329       0.2142       0.9403       0.3205       0.9251
 330       0.2142       0.9402       0.3207       0.9251
 331       0.2141       0.9403       0.3208       0.9251
 332       0.2141       0.9403       0.3209       0.9251
 333       0.2141       0.9403       0.3210       0.9250
 334       0.2141       0.9403       0.3211       0.9248
 335       0.2141       0.9403       0.3212       0.9251
 336       0.2140       0.9403       0.3213       0.9251
 337       0.2140       0.9403       0.3214       0.9252
 338       0.2140       0.9403       0.3216       0.9249
 339       0.2140       0.9403       0.3217       0.9249
 340       0.2140       0.9403       0.3218       0.9250
 341       0.2140       0.9404       0.3219       0.9251
 342       0.2139       0.9403       0.3220       0.9250
 343       0.2139       0.9404       0.3221       0.9249
 344       0.2139       0.9404       0.3222       0.9249
 345       0.2139       0.9404       0.3223       0.9249
 346       0.2139       0.9404       0.3225       0.9248
 347       0.2138       0.9404       0.3226       0.9248
 348       0.2138       0.9404       0.3227       0.9247
 349       0.2138       0.9404       0.3228       0.9247
 350       0.2138       0.9404       0.3229       0.9247
 351       0.2138       0.9405       0.3230       0.9247
 352       0.2138       0.9405       0.3231       0.9247
 353       0.2137       0.9404       0.3232       0.9247
 354       0.2137       0.9404       0.3233       0.9247
 355       0.2137       0.9404       0.3234       0.9247
 356       0.2137       0.9404       0.3235       0.9247
 357       0.2137       0.9404       0.3236       0.9246
 358       0.2137       0.9405       0.3238       0.9247
 359       0.2136       0.9404       0.3239       0.9245
 360       0.2136       0.9405       0.3240       0.9245
 361       0.2136       0.9405       0.3241       0.9246
 362       0.2136       0.9405       0.3242       0.9245
 363       0.2136       0.9405       0.3243       0.9245
 364       0.2136       0.9405       0.3244       0.9245
 365       0.2135       0.9405       0.3245       0.9245
 366       0.2135       0.9406       0.3246       0.9246
 367       0.2135       0.9406       0.3247       0.9245
 368       0.2135       0.9406       0.3248       0.9245
 369       0.2135       0.9406       0.3249       0.9244
 370       0.2135       0.9406       0.3250       0.9244
 371       0.2134       0.9406       0.3251       0.9246
 372       0.2134       0.9406       0.3252       0.9246
 373       0.2134       0.9406       0.3253       0.9247
 374       0.2134       0.9406       0.3254       0.9247
 375       0.2134       0.9406       0.3255       0.9248
 376       0.2134       0.9406       0.3256       0.9247
 377       0.2133       0.9407       0.3258       0.9247
 378       0.2133       0.9407       0.3258       0.9248
 379       0.2133       0.9407       0.3260       0.9248
 380       0.2133       0.9407       0.3261       0.9246
 381       0.2133       0.9407       0.3262       0.9246
 382       0.2133       0.9407       0.3263       0.9246
 383       0.2133       0.9407       0.3264       0.9246
 384       0.2132       0.9407       0.3265       0.9246
 385       0.2132       0.9407       0.3266       0.9246
 386       0.2132       0.9407       0.3267       0.9247
 387       0.2132       0.9407       0.3268       0.9247
 388       0.2132       0.9407       0.3269       0.9246
 389       0.2132       0.9407       0.3270       0.9247
 390       0.2132       0.9407       0.3271       0.9247
 391       0.2131       0.9407       0.3272       0.9246
 392       0.2131       0.9407       0.3273       0.9247
 393       0.2131       0.9407       0.3274       0.9246
 394       0.2131       0.9407       0.3275       0.9247
 395       0.2131       0.9407       0.3276       0.9247
 396       0.2131       0.9407       0.3277       0.9247
 397       0.2131       0.9407       0.3278       0.9248
 398       0.2130       0.9407       0.3279       0.9247
 399       0.2130       0.9407       0.3280       0.9247
 400       0.2130       0.9408       0.3281       0.9247
 401       0.2130       0.9407       0.3282       0.9247
 402       0.2130       0.9408       0.3283       0.9247
 403       0.2130       0.9408       0.3284       0.9247
 404       0.2130       0.9408       0.3285       0.9247
 405       0.2129       0.9408       0.3286       0.9246
 406       0.2129       0.9408       0.3287       0.9245
 407       0.2129       0.9407       0.3288       0.9245
 408       0.2129       0.9407       0.3289       0.9245
 409       0.2129       0.9407       0.3289       0.9246
 410       0.2129       0.9407       0.3291       0.9246
 411       0.2129       0.9408       0.3292       0.9245
 412       0.2128       0.9407       0.3292       0.9246
 413       0.2128       0.9407       0.3293       0.9245
 414       0.2128       0.9408       0.3294       0.9246
 415       0.2128       0.9408       0.3295       0.9246
 416       0.2128       0.9408       0.3296       0.9246
 417       0.2128       0.9408       0.3297       0.9245
 418       0.2128       0.9408       0.3298       0.9247
 419       0.2128       0.9408       0.3299       0.9246
 420       0.2127       0.9408       0.3300       0.9246
 421       0.2127       0.9407       0.3301       0.9246
 422       0.2127       0.9407       0.3302       0.9246
 423       0.2127       0.9407       0.3303       0.9246
 424       0.2127       0.9407       0.3304       0.9246
 425       0.2127       0.9407       0.3305       0.9246
 426       0.2127       0.9407       0.3306       0.9246
 427       0.2127       0.9407       0.3307       0.9246
 428       0.2126       0.9407       0.3308       0.9246
 429       0.2126       0.9407       0.3309       0.9246
 430       0.2126       0.9408       0.3310       0.9246
 431       0.2126       0.9408       0.3311       0.9247
 432       0.2126       0.9408       0.3312       0.9246
 433       0.2126       0.9408       0.3312       0.9246
 434       0.2126       0.9408       0.3313       0.9246
 435       0.2126       0.9408       0.3314       0.9246
 436       0.2125       0.9408       0.3315       0.9245
 437       0.2125       0.9408       0.3316       0.9246
 438       0.2125       0.9408       0.3317       0.9246
 439       0.2125       0.9408       0.3318       0.9245
 440       0.2125       0.9408       0.3319       0.9246
 441       0.2125       0.9409       0.3320       0.9247
 442       0.2125       0.9409       0.3321       0.9246
 443       0.2125       0.9408       0.3322       0.9247
 444       0.2124       0.9408       0.3323       0.9247
 445       0.2124       0.9408       0.3324       0.9247
 446       0.2124       0.9409       0.3325       0.9246
 447       0.2124       0.9408       0.3326       0.9246
 448       0.2124       0.9408       0.3327       0.9245
 449       0.2124       0.9409       0.3327       0.9246
 450       0.2124       0.9408       0.3328       0.9244
 451       0.2124       0.9408       0.3329       0.9245
 452       0.2123       0.9408       0.3330       0.9245
 453       0.2123       0.9408       0.3331       0.9245
 454       0.2123       0.9409       0.3332       0.9245
 455       0.2123       0.9409       0.3333       0.9245
 456       0.2123       0.9409       0.3334       0.9245
 457       0.2123       0.9409       0.3335       0.9245
 458       0.2123       0.9409       0.3336       0.9245
 459       0.2123       0.9408       0.3337       0.9245
 460       0.2123       0.9409       0.3338       0.9244
 461       0.2122       0.9409       0.3338       0.9245
 462       0.2122       0.9409       0.3339       0.9243
 463       0.2122       0.9409       0.3340       0.9244
 464       0.2122       0.9409       0.3341       0.9243
 465       0.2122       0.9409       0.3342       0.9244
 466       0.2122       0.9408       0.3343       0.9243
 467       0.2122       0.9408       0.3344       0.9243
 468       0.2122       0.9408       0.3345       0.9244
 469       0.2122       0.9408       0.3346       0.9243
 470       0.2121       0.9408       0.3346       0.9243
 471       0.2121       0.9408       0.3347       0.9243
 472       0.2121       0.9408       0.3348       0.9242
 473       0.2121       0.9409       0.3349       0.9242
 474       0.2121       0.9408       0.3350       0.9242
 475       0.2121       0.9408       0.3351       0.9242
 476       0.2121       0.9408       0.3352       0.9242
 477       0.2121       0.9408       0.3353       0.9242
 478       0.2121       0.9408       0.3354       0.9242
 479       0.2121       0.9408       0.3355       0.9242
 480       0.2120       0.9408       0.3355       0.9243
 481       0.2120       0.9409       0.3356       0.9243
 482       0.2120       0.9408       0.3357       0.9243
 483       0.2120       0.9409       0.3358       0.9243
 484       0.2120       0.9408       0.3359       0.9243
 485       0.2120       0.9409       0.3360       0.9242
 486       0.2120       0.9409       0.3361       0.9243
 487       0.2120       0.9409       0.3362       0.9243
 488       0.2120       0.9409       0.3362       0.9243
 489       0.2119       0.9409       0.3363       0.9243
 490       0.2119       0.9409       0.3364       0.9243
 491       0.2119       0.9409       0.3365       0.9243
 492       0.2119       0.9409       0.3366       0.9242
 493       0.2119       0.9409       0.3367       0.9243
 494       0.2119       0.9409       0.3368       0.9242
 495       0.2119       0.9409       0.3369       0.9243
 496       0.2119       0.9409       0.3369       0.9242
 497       0.2119       0.9409       0.3370       0.9241
 498       0.2119       0.9409       0.3371       0.9243
 499       0.2119       0.9409       0.3372       0.9241
 500       0.2118       0.9409       0.3373       0.9240
 501       0.2118       0.9409       0.3374       0.9241
 502       0.2118       0.9409       0.3375       0.9240
 503       0.2118       0.9408       0.3376       0.9240
 504       0.2118       0.9409       0.3376       0.9240
 505       0.2118       0.9409       0.3377       0.9240
 506       0.2118       0.9409       0.3378       0.9240
 507       0.2118       0.9409       0.3379       0.9240
 508       0.2118       0.9409       0.3380       0.9240
 509       0.2118       0.9409       0.3381       0.9240
 510       0.2117       0.9409       0.3382       0.9240
 511       0.2117       0.9409       0.3382       0.9240
 512       0.2117       0.9409       0.3383       0.9241
 513       0.2117       0.9409       0.3384       0.9239
 514       0.2117       0.9409       0.3385       0.9239
 515       0.2117       0.9409       0.3386       0.9240
 516       0.2117       0.9410       0.3387       0.9239
 517       0.2117       0.9409       0.3387       0.9240
 518       0.2117       0.9409       0.3388       0.9240
 519       0.2117       0.9409       0.3389       0.9240
 520       0.2117       0.9409       0.3390       0.9240
 521       0.2116       0.9410       0.3391       0.9240
 522       0.2116       0.9410       0.3392       0.9240
 523       0.2116       0.9410       0.3393       0.9240
 524       0.2116       0.9410       0.3393       0.9241
 525       0.2116       0.9410       0.3394       0.9241
 526       0.2116       0.9409       0.3395       0.9241
 527       0.2116       0.9409       0.3396       0.9241
 528       0.2116       0.9409       0.3397       0.9241
 529       0.2116       0.9410       0.3398       0.9241
 530       0.2116       0.9409       0.3399       0.9241
 531       0.2116       0.9409       0.3399       0.9241
 532       0.2116       0.9409       0.3400       0.9242
 533       0.2115       0.9409       0.3401       0.9242
 534       0.2115       0.9409       0.3402       0.9242
 535       0.2115       0.9409       0.3403       0.9242
 536       0.2115       0.9409       0.3404       0.9241
 537       0.2115       0.9409       0.3404       0.9242
 538       0.2115       0.9410       0.3405       0.9242
 539       0.2115       0.9409       0.3406       0.9242
 540       0.2115       0.9410       0.3407       0.9242
 541       0.2115       0.9410       0.3408       0.9239
 542       0.2115       0.9410       0.3409       0.9241
 543       0.2115       0.9410       0.3409       0.9240
 544       0.2115       0.9410       0.3410       0.9240
 545       0.2114       0.9410       0.3411       0.9239
 546       0.2114       0.9410       0.3412       0.9240
 547       0.2114       0.9410       0.3413       0.9240
 548       0.2114       0.9410       0.3413       0.9241
 549       0.2114       0.9410       0.3414       0.9241
 550       0.2114       0.9410       0.3415       0.9241
 551       0.2114       0.9410       0.3416       0.9242
 552       0.2114       0.9410       0.3417       0.9241
 553       0.2114       0.9410       0.3417       0.9240
 554       0.2114       0.9410       0.3418       0.9240
 555       0.2114       0.9410       0.3419       0.9240
 556       0.2114       0.9410       0.3420       0.9240
 557       0.2113       0.9410       0.3421       0.9240
 558       0.2113       0.9410       0.3422       0.9240
 559       0.2113       0.9410       0.3422       0.9241
 560       0.2113       0.9410       0.3423       0.9240
 561       0.2113       0.9410       0.3424       0.9241
 562       0.2113       0.9410       0.3425       0.9240
 563       0.2113       0.9410       0.3426       0.9240
 564       0.2113       0.9409       0.3427       0.9240
 565       0.2113       0.9409       0.3427       0.9240
 566       0.2113       0.9409       0.3428       0.9240
 567       0.2113       0.9410       0.3429       0.9240
 568       0.2113       0.9409       0.3430       0.9240
 569       0.2113       0.9409       0.3431       0.9240
 570       0.2112       0.9409       0.3431       0.9240
 571       0.2112       0.9409       0.3432       0.9240
 572       0.2112       0.9409       0.3433       0.9240
 573       0.2112       0.9409       0.3434       0.9240
 574       0.2112       0.9409       0.3435       0.9240
 575       0.2112       0.9409       0.3436       0.9240
 576       0.2112       0.9409       0.3436       0.9240
 577       0.2112       0.9409       0.3437       0.9240
 578       0.2112       0.9409       0.3438       0.9240
 579       0.2112       0.9409       0.3439       0.9239
 580       0.2112       0.9409       0.3439       0.9240
 581       0.2112       0.9409       0.3440       0.9240
 582       0.2112       0.9409       0.3441       0.9239
 583       0.2111       0.9409       0.3442       0.9240
 584       0.2111       0.9409       0.3443       0.9240
 585       0.2111       0.9409       0.3443       0.9238
 586       0.2111       0.9409       0.3444       0.9238
 587       0.2111       0.9409       0.3445       0.9238
 588       0.2111       0.9409       0.3446       0.9238
 589       0.2111       0.9409       0.3447       0.9238
 590       0.2111       0.9409       0.3447       0.9238
 591       0.2111       0.9410       0.3448       0.9236
 592       0.2111       0.9409       0.3449       0.9237
 593       0.2111       0.9409       0.3450       0.9237
 594       0.2111       0.9410       0.3450       0.9237
 595       0.2111       0.9409       0.3451       0.9237
 596       0.2111       0.9409       0.3452       0.9237
 597       0.2110       0.9409       0.3453       0.9236
 598       0.2110       0.9409       0.3454       0.9237
 599       0.2110       0.9410       0.3454       0.9237
 600       0.2110       0.9409       0.3455       0.9236
 601       0.2110       0.9409       0.3456       0.9236
 602       0.2110       0.9409       0.3457       0.9237
 603       0.2110       0.9409       0.3457       0.9237
 604       0.2110       0.9409       0.3458       0.9236
 605       0.2110       0.9409       0.3459       0.9237
 606       0.2110       0.9409       0.3460       0.9236
 607       0.2110       0.9410       0.3460       0.9236
 608       0.2110       0.9410       0.3461       0.9236
 609       0.2110       0.9409       0.3462       0.9237
 610       0.2110       0.9409       0.3463       0.9236
 611       0.2110       0.9410       0.3464       0.9237
 612       0.2109       0.9409       0.3464       0.9237
 613       0.2109       0.9409       0.3465       0.9235
 614       0.2109       0.9410       0.3466       0.9236
 615       0.2109       0.9410       0.3467       0.9236
 616       0.2109       0.9410       0.3467       0.9236
 617       0.2109       0.9410       0.3468       0.9235
 618       0.2109       0.9410       0.3469       0.9235
 619       0.2109       0.9410       0.3470       0.9236
 620       0.2109       0.9410       0.3471       0.9235
 621       0.2109       0.9409       0.3471       0.9234
 622       0.2109       0.9410       0.3472       0.9235
 623       0.2109       0.9410       0.3473       0.9234
 624       0.2109       0.9409       0.3474       0.9235
 625       0.2109       0.9410       0.3474       0.9234
 626       0.2108       0.9410       0.3475       0.9235
 627       0.2108       0.9409       0.3476       0.9234
 628       0.2108       0.9410       0.3476       0.9234
 629       0.2108       0.9410       0.3477       0.9234
 630       0.2108       0.9409       0.3478       0.9234
 631       0.2108       0.9410       0.3479       0.9234
 632       0.2108       0.9410       0.3479       0.9234
 633       0.2108       0.9409       0.3480       0.9234
 634       0.2108       0.9410       0.3481       0.9234
 635       0.2108       0.9410       0.3482       0.9235
 636       0.2108       0.9410       0.3482       0.9234
 637       0.2108       0.9410       0.3483       0.9234
 638       0.2108       0.9410       0.3484       0.9235
 639       0.2108       0.9410       0.3485       0.9235
 640       0.2108       0.9410       0.3485       0.9235
 641       0.2108       0.9410       0.3486       0.9235
 642       0.2107       0.9410       0.3487       0.9235
 643       0.2107       0.9411       0.3488       0.9235
 644       0.2107       0.9411       0.3488       0.9235
 645       0.2107       0.9410       0.3489       0.9234
 646       0.2107       0.9410       0.3490       0.9235
 647       0.2107       0.9410       0.3491       0.9235
 648       0.2107       0.9411       0.3491       0.9236
 649       0.2107       0.9410       0.3492       0.9235
 650       0.2107       0.9410       0.3493       0.9236
 651       0.2107       0.9411       0.3493       0.9236
 652       0.2107       0.9411       0.3494       0.9236
 653       0.2107       0.9411       0.3495       0.9236
 654       0.2107       0.9410       0.3496       0.9236
 655       0.2107       0.9410       0.3496       0.9236
 656       0.2107       0.9411       0.3497       0.9236
 657       0.2107       0.9410       0.3498       0.9236
 658       0.2107       0.9410       0.3499       0.9236
 659       0.2106       0.9410       0.3499       0.9236
 660       0.2106       0.9410       0.3500       0.9236
 661       0.2106       0.9410       0.3501       0.9236
 662       0.2106       0.9410       0.3501       0.9236
 663       0.2106       0.9411       0.3502       0.9235
 664       0.2106       0.9410       0.3503       0.9235
 665       0.2106       0.9410       0.3504       0.9235
 666       0.2106       0.9411       0.3504       0.9235
 667       0.2106       0.9410       0.3505       0.9235
 668       0.2106       0.9411       0.3506       0.9235
 669       0.2106       0.9411       0.3506       0.9235
 670       0.2106       0.9411       0.3507       0.9235
 671       0.2106       0.9410       0.3508       0.9235
 672       0.2106       0.9410       0.3509       0.9235
 673       0.2106       0.9411       0.3509       0.9235
 674       0.2106       0.9411       0.3510       0.9235
 675       0.2106       0.9411       0.3511       0.9235
 676       0.2106       0.9411       0.3511       0.9235
 677       0.2105       0.9411       0.3512       0.9235
 678       0.2105       0.9410       0.3513       0.9235
 679       0.2105       0.9411       0.3513       0.9235
 680       0.2105       0.9411       0.3514       0.9235
 681       0.2105       0.9411       0.3515       0.9235
 682       0.2105       0.9411       0.3516       0.9234
 683       0.2105       0.9411       0.3516       0.9234
 684       0.2105       0.9411       0.3517       0.9234
 685       0.2105       0.9411       0.3518       0.9234
 686       0.2105       0.9411       0.3519       0.9234
 687       0.2105       0.9410       0.3519       0.9233
 688       0.2105       0.9411       0.3520       0.9232
 689       0.2105       0.9411       0.3521       0.9233
 690       0.2105       0.9411       0.3521       0.9234
 691       0.2105       0.9411       0.3522       0.9233
 692       0.2105       0.9411       0.3523       0.9232
 693       0.2105       0.9411       0.3523       0.9233
 694       0.2104       0.9411       0.3524       0.9232
 695       0.2104       0.9411       0.3525       0.9233
 696       0.2104       0.9411       0.3526       0.9232
 697       0.2104       0.9411       0.3526       0.9233
 698       0.2104       0.9411       0.3527       0.9232
 699       0.2104       0.9412       0.3527       0.9233
 700       0.2104       0.9411       0.3528       0.9232
 701       0.2104       0.9411       0.3529       0.9233
 702       0.2104       0.9412       0.3530       0.9231
 703       0.2104       0.9412       0.3530       0.9231
 704       0.2104       0.9412       0.3531       0.9231
 705       0.2104       0.9412       0.3532       0.9232
 706       0.2104       0.9412       0.3532       0.9232
 707       0.2104       0.9412       0.3533       0.9232
 708       0.2104       0.9412       0.3534       0.9232
 709       0.2104       0.9412       0.3534       0.9232
 710       0.2104       0.9412       0.3535       0.9232
 711       0.2104       0.9412       0.3536       0.9232
 712       0.2104       0.9412       0.3537       0.9232
 713       0.2104       0.9412       0.3537       0.9232
 714       0.2104       0.9412       0.3538       0.9232
 715       0.2103       0.9412       0.3538       0.9232
 716       0.2103       0.9412       0.3539       0.9232
 717       0.2103       0.9412       0.3540       0.9232
 718       0.2103       0.9412       0.3540       0.9232
 719       0.2103       0.9412       0.3541       0.9230
 720       0.2103       0.9412       0.3542       0.9230
 721       0.2103       0.9412       0.3542       0.9230
 722       0.2103       0.9412       0.3543       0.9230
 723       0.2103       0.9412       0.3544       0.9230
 724       0.2103       0.9412       0.3545       0.9229
 725       0.2103       0.9412       0.3545       0.9229
 726       0.2103       0.9411       0.3546       0.9229
 727       0.2103       0.9412       0.3547       0.9228
 728       0.2103       0.9412       0.3547       0.9228
 729       0.2103       0.9412       0.3548       0.9229
 730       0.2103       0.9412       0.3549       0.9228
 731       0.2103       0.9412       0.3549       0.9228
 732       0.2103       0.9412       0.3550       0.9228
 733       0.2103       0.9412       0.3551       0.9227
 734       0.2102       0.9412       0.3551       0.9227
 735       0.2102       0.9412       0.3552       0.9227
 736       0.2102       0.9412       0.3553       0.9227
 737       0.2102       0.9412       0.3553       0.9228
 738       0.2102       0.9412       0.3554       0.9227
 739       0.2102       0.9412       0.3555       0.9226
 740       0.2102       0.9412       0.3555       0.9227
 741       0.2102       0.9412       0.3556       0.9226
 742       0.2102       0.9412       0.3556       0.9228
 743       0.2102       0.9412       0.3557       0.9226
 744       0.2102       0.9413       0.3558       0.9227
 745       0.2102       0.9411       0.3558       0.9226
 746       0.2102       0.9412       0.3559       0.9226
 747       0.2102       0.9413       0.3560       0.9227
 748       0.2102       0.9413       0.3560       0.9226
 749       0.2102       0.9412       0.3561       0.9226
 750       0.2102       0.9412       0.3562       0.9227
 751       0.2102       0.9413       0.3562       0.9226
 752       0.2102       0.9413       0.3563       0.9226
 753       0.2102       0.9412       0.3564       0.9226
 754       0.2102       0.9413       0.3564       0.9226
 755       0.2102       0.9412       0.3565       0.9226
 756       0.2101       0.9413       0.3566       0.9227
 757       0.2101       0.9412       0.3566       0.9227
 758       0.2101       0.9413       0.3567       0.9227
 759       0.2101       0.9412       0.3568       0.9226
 760       0.2101       0.9413       0.3568       0.9226
 761       0.2101       0.9413       0.3569       0.9226
 762       0.2101       0.9413       0.3569       0.9226
 763       0.2101       0.9413       0.3570       0.9227
 764       0.2101       0.9412       0.3571       0.9226
 765       0.2101       0.9413       0.3571       0.9225
 766       0.2101       0.9413       0.3572       0.9224
 767       0.2101       0.9413       0.3573       0.9223
 768       0.2101       0.9413       0.3573       0.9226
 769       0.2101       0.9413       0.3574       0.9223
 770       0.2101       0.9413       0.3575       0.9225
 771       0.2101       0.9413       0.3575       0.9224
 772       0.2101       0.9413       0.3576       0.9223
 773       0.2101       0.9413       0.3577       0.9224
 774       0.2101       0.9413       0.3577       0.9222
 775       0.2101       0.9413       0.3578       0.9224
 776       0.2101       0.9413       0.3579       0.9225
 777       0.2101       0.9413       0.3579       0.9224
 778       0.2100       0.9413       0.3580       0.9223
 779       0.2100       0.9413       0.3581       0.9224
 780       0.2100       0.9413       0.3581       0.9223
 781       0.2100       0.9413       0.3582       0.9224
 782       0.2100       0.9413       0.3582       0.9223
 783       0.2100       0.9413       0.3583       0.9223
 784       0.2100       0.9413       0.3583       0.9223
 785       0.2100       0.9413       0.3584       0.9223
 786       0.2100       0.9413       0.3585       0.9223
 787       0.2100       0.9413       0.3586       0.9224
 788       0.2100       0.9413       0.3586       0.9223
 789       0.2100       0.9413       0.3587       0.9223
 790       0.2100       0.9413       0.3587       0.9223
 791       0.2100       0.9413       0.3588       0.9223
 792       0.2100       0.9413       0.3589       0.9223
 793       0.2100       0.9413       0.3589       0.9223
 794       0.2100       0.9413       0.3590       0.9223
 795       0.2100       0.9413       0.3591       0.9223
 796       0.2100       0.9413       0.3591       0.9223
 797       0.2100       0.9413       0.3592       0.9223
 798       0.2100       0.9413       0.3592       0.9223
 799       0.2100       0.9413       0.3593       0.9222
 800       0.2100       0.9413       0.3594       0.9222
 801       0.2100       0.9413       0.3594       0.9223
 802       0.2100       0.9413       0.3595       0.9223
 803       0.2099       0.9413       0.3596       0.9221
 804       0.2099       0.9413       0.3596       0.9220
 805       0.2099       0.9413       0.3597       0.9220
 806       0.2099       0.9413       0.3597       0.9220
 807       0.2099       0.9413       0.3598       0.9220
 808       0.2099       0.9413       0.3599       0.9221
 809       0.2099       0.9413       0.3599       0.9220
 810       0.2099       0.9413       0.3600       0.9220
 811       0.2099       0.9413       0.3600       0.9220
 812       0.2099       0.9413       0.3601       0.9220
 813       0.2099       0.9413       0.3602       0.9220
 814       0.2099       0.9413       0.3602       0.9220
 815       0.2099       0.9413       0.3603       0.9221
 816       0.2099       0.9413       0.3604       0.9220
 817       0.2099       0.9413       0.3604       0.9220
 818       0.2099       0.9413       0.3605       0.9220
 819       0.2099       0.9413       0.3605       0.9220
 820       0.2099       0.9413       0.3606       0.9219
 821       0.2099       0.9413       0.3607       0.9219
 822       0.2099       0.9413       0.3607       0.9219
 823       0.2099       0.9413       0.3608       0.9219
 824       0.2099       0.9413       0.3608       0.9219
 825       0.2099       0.9413       0.3609       0.9219
 826       0.2099       0.9413       0.3610       0.9219
 827       0.2099       0.9413       0.3610       0.9219
 828       0.2098       0.9413       0.3611       0.9219
 829       0.2098       0.9413       0.3612       0.9219
 830       0.2098       0.9413       0.3612       0.9219
 831       0.2098       0.9413       0.3613       0.9219
 832       0.2098       0.9413       0.3613       0.9218
 833       0.2098       0.9413       0.3614       0.9219
 834       0.2098       0.9413       0.3615       0.9219
 835       0.2098       0.9413       0.3615       0.9218
 836       0.2098       0.9413       0.3616       0.9217
 837       0.2098       0.9413       0.3616       0.9218
 838       0.2098       0.9413       0.3617       0.9217
 839       0.2098       0.9413       0.3618       0.9217
 840       0.2098       0.9413       0.3618       0.9217
 841       0.2098       0.9413       0.3619       0.9217
 842       0.2098       0.9413       0.3619       0.9217
 843       0.2098       0.9413       0.3620       0.9217
 844       0.2098       0.9413       0.3621       0.9217
 845       0.2098       0.9413       0.3621       0.9217
 846       0.2098       0.9413       0.3622       0.9216
 847       0.2098       0.9413       0.3622       0.9217
 848       0.2098       0.9413       0.3623       0.9217
 849       0.2098       0.9413       0.3624       0.9217
 850       0.2098       0.9413       0.3624       0.9216
 851       0.2098       0.9413       0.3625       0.9217
 852       0.2098       0.9413       0.3625       0.9218
 853       0.2098       0.9413       0.3626       0.9217
 854       0.2098       0.9414       0.3627       0.9217
 855       0.2097       0.9413       0.3627       0.9218
 856       0.2097       0.9413       0.3628       0.9216
 857       0.2097       0.9413       0.3629       0.9217
 858       0.2097       0.9413       0.3629       0.9216
 859       0.2097       0.9413       0.3630       0.9217
 860       0.2097       0.9413       0.3630       0.9217
 861       0.2097       0.9413       0.3631       0.9218
 862       0.2097       0.9413       0.3631       0.9216
 863       0.2097       0.9413       0.3632       0.9216
 864       0.2097       0.9414       0.3633       0.9216
 865       0.2097       0.9413       0.3633       0.9217
 866       0.2097       0.9413       0.3634       0.9216
 867       0.2097       0.9413       0.3634       0.9216
 868       0.2097       0.9413       0.3635       0.9216
 869       0.2097       0.9413       0.3635       0.9216
 870       0.2097       0.9413       0.3636       0.9216
 871       0.2097       0.9414       0.3637       0.9216
 872       0.2097       0.9413       0.3637       0.9216
 873       0.2097       0.9413       0.3638       0.9216
 874       0.2097       0.9414       0.3638       0.9216
 875       0.2097       0.9413       0.3639       0.9216
 876       0.2097       0.9414       0.3640       0.9215
 877       0.2097       0.9414       0.3640       0.9216
 878       0.2097       0.9414       0.3641       0.9215
 879       0.2097       0.9414       0.3641       0.9215
 880       0.2097       0.9414       0.3642       0.9215
 881       0.2097       0.9414       0.3642       0.9215
 882       0.2097       0.9414       0.3643       0.9215
 883       0.2097       0.9414       0.3644       0.9214
 884       0.2097       0.9414       0.3644       0.9215
 885       0.2096       0.9414       0.3645       0.9214
 886       0.2096       0.9414       0.3645       0.9214
 887       0.2096       0.9414       0.3646       0.9214
 888       0.2096       0.9414       0.3647       0.9214
 889       0.2096       0.9414       0.3647       0.9214
 890       0.2096       0.9414       0.3648       0.9214
 891       0.2096       0.9414       0.3648       0.9214
 892       0.2096       0.9415       0.3649       0.9214
 893       0.2096       0.9414       0.3649       0.9214
 894       0.2096       0.9414       0.3650       0.9214
 895       0.2096       0.9414       0.3651       0.9214
 896       0.2096       0.9414       0.3651       0.9214
 897       0.2096       0.9415       0.3652       0.9214
 898       0.2096       0.9414       0.3652       0.9214
 899       0.2096       0.9415       0.3653       0.9214
 900       0.2096       0.9414       0.3654       0.9214
 901       0.2096       0.9414       0.3654       0.9214
 902       0.2096       0.9415       0.3655       0.9214
 903       0.2096       0.9415       0.3655       0.9214
 904       0.2096       0.9415       0.3656       0.9214
 905       0.2096       0.9415       0.3656       0.9214
 906       0.2096       0.9415       0.3657       0.9214
 907       0.2096       0.9415       0.3658       0.9214
 908       0.2096       0.9414       0.3658       0.9214
 909       0.2096       0.9415       0.3659       0.9214
 910       0.2096       0.9415       0.3659       0.9214
 911       0.2096       0.9415       0.3660       0.9214
 912       0.2096       0.9415       0.3660       0.9214
 913       0.2096       0.9415       0.3661       0.9214
 914       0.2096       0.9415       0.3662       0.9214
 915       0.2095       0.9415       0.3662       0.9213
 916       0.2095       0.9415       0.3663       0.9214
 917       0.2095       0.9415       0.3663       0.9213
 918       0.2095       0.9415       0.3664       0.9213
 919       0.2095       0.9414       0.3665       0.9213
 920       0.2095       0.9415       0.3665       0.9213
 921       0.2095       0.9415       0.3666       0.9213
 922       0.2095       0.9415       0.3666       0.9213
 923       0.2095       0.9415       0.3667       0.9213
 924       0.2095       0.9416       0.3667       0.9213
 925       0.2095       0.9415       0.3668       0.9213
 926       0.2095       0.9415       0.3668       0.9213
 927       0.2095       0.9415       0.3669       0.9213
 928       0.2095       0.9415       0.3669       0.9213
 929       0.2095       0.9415       0.3670       0.9213
 930       0.2095       0.9415       0.3671       0.9213
 931       0.2095       0.9416       0.3671       0.9213
 932       0.2095       0.9416       0.3672       0.9213
 933       0.2095       0.9416       0.3672       0.9213
 934       0.2095       0.9416       0.3673       0.9213
 935       0.2095       0.9415       0.3674       0.9213
 936       0.2095       0.9415       0.3674       0.9213
 937       0.2095       0.9416       0.3675       0.9213
 938       0.2095       0.9416       0.3675       0.9213
 939       0.2095       0.9416       0.3676       0.9213
 940       0.2095       0.9416       0.3676       0.9213
 941       0.2095       0.9416       0.3677       0.9213
 942       0.2095       0.9416       0.3678       0.9212
 943       0.2095       0.9416       0.3678       0.9212
 944       0.2095       0.9416       0.3679       0.9212
 945       0.2095       0.9416       0.3679       0.9212
 946       0.2095       0.9416       0.3680       0.9212
 947       0.2095       0.9417       0.3680       0.9212
 948       0.2094       0.9417       0.3681       0.9212
 949       0.2094       0.9416       0.3681       0.9212
 950       0.2094       0.9417       0.3682       0.9212
 951       0.2094       0.9417       0.3683       0.9212
 952       0.2094       0.9417       0.3683       0.9212
 953       0.2094       0.9417       0.3684       0.9212
 954       0.2094       0.9417       0.3684       0.9212
 955       0.2094       0.9416       0.3685       0.9212
 956       0.2094       0.9417       0.3685       0.9212
 957       0.2094       0.9417       0.3686       0.9212
 958       0.2094       0.9417       0.3686       0.9211
 959       0.2094       0.9416       0.3687       0.9211
 960       0.2094       0.9416       0.3688       0.9211
 961       0.2094       0.9417       0.3688       0.9211
 962       0.2094       0.9417       0.3689       0.9211
 963       0.2094       0.9416       0.3689       0.9211
 964       0.2094       0.9417       0.3690       0.9211
 965       0.2094       0.9417       0.3690       0.9211
 966       0.2094       0.9416       0.3691       0.9211
 967       0.2094       0.9417       0.3692       0.9211
 968       0.2094       0.9416       0.3692       0.9211
 969       0.2094       0.9417       0.3693       0.9211
 970       0.2094       0.9417       0.3693       0.9211
 971       0.2094       0.9417       0.3694       0.9211
 972       0.2094       0.9417       0.3694       0.9211
 973       0.2094       0.9417       0.3695       0.9211
 974       0.2094       0.9417       0.3695       0.9212
 975       0.2094       0.9417       0.3696       0.9211
 976       0.2094       0.9417       0.3696       0.9211
 977       0.2094       0.9417       0.3697       0.9211
 978       0.2094       0.9417       0.3697       0.9211
 979       0.2094       0.9417       0.3698       0.9212
 980       0.2094       0.9417       0.3699       0.9211
 981       0.2094       0.9417       0.3699       0.9211
 982       0.2094       0.9417       0.3700       0.9211
 983       0.2094       0.9417       0.3700       0.9211
 984       0.2093       0.9417       0.3701       0.9211
 985       0.2093       0.9417       0.3701       0.9211
 986       0.2093       0.9416       0.3702       0.9211
 987       0.2093       0.9417       0.3702       0.9211
 988       0.2093       0.9416       0.3703       0.9211
 989       0.2093       0.9417       0.3704       0.9211
 990       0.2093       0.9417       0.3704       0.9211
 991       0.2093       0.9417       0.3705       0.9211
 992       0.2093       0.9417       0.3705       0.9211
 993       0.2093       0.9417       0.3706       0.9211
 994       0.2093       0.9417       0.3706       0.9210
 995       0.2093       0.9417       0.3707       0.9211
 996       0.2093       0.9417       0.3707       0.9210
 997       0.2093       0.9417       0.3708       0.9212
 998       0.2093       0.9417       0.3708       0.9210
 999       0.2093       0.9417       0.3709       0.9210
