   0       0.3906       0.9002       0.1611       0.9541
   1       0.1379       0.9607       0.0978       0.9728
   2       0.0964       0.9722       0.0757       0.9789
   3       0.0777       0.9771       0.0655       0.9808
   4       0.0670       0.9800       0.0599       0.9815
   5       0.0598       0.9821       0.0566       0.9819
   6       0.0545       0.9835       0.0547       0.9820
   7       0.0503       0.9851       0.0537       0.9820
   8       0.0468       0.9861       0.0531       0.9829
   9       0.0438       0.9871       0.0529       0.9830
  10       0.0412       0.9880       0.0531       0.9833
  11       0.0389       0.9888       0.0534       0.9833
  12       0.0369       0.9895       0.0540       0.9834
  13       0.0351       0.9901       0.0548       0.9833
  14       0.0334       0.9908       0.0556       0.9834
  15       0.0318       0.9911       0.0565       0.9834
  16       0.0303       0.9915       0.0574       0.9833
  17       0.0289       0.9920       0.0584       0.9831
  18       0.0276       0.9924       0.0596       0.9831
  19       0.0264       0.9929       0.0607       0.9832
  20       0.0252       0.9934       0.0619       0.9831
  21       0.0241       0.9938       0.0632       0.9829
  22       0.0231       0.9940       0.0645       0.9824
  23       0.0220       0.9946       0.0657       0.9827
  24       0.0211       0.9948       0.0670       0.9824
  25       0.0201       0.9949       0.0684       0.9819
  26       0.0192       0.9952       0.0698       0.9817
  27       0.0184       0.9956       0.0712       0.9815
  28       0.0176       0.9958       0.0726       0.9813
  29       0.0168       0.9960       0.0741       0.9811
  30       0.0160       0.9962       0.0756       0.9811
  31       0.0153       0.9965       0.0773       0.9813
  32       0.0146       0.9967       0.0788       0.9814
  33       0.0140       0.9969       0.0802       0.9811
  34       0.0133       0.9972       0.0817       0.9813
  35       0.0127       0.9973       0.0831       0.9812
  36       0.0121       0.9975       0.0844       0.9812
  37       0.0116       0.9977       0.0857       0.9813
  38       0.0110       0.9979       0.0871       0.9815
  39       0.0105       0.9980       0.0885       0.9813
  40       0.0101       0.9981       0.0900       0.9813
  41       0.0096       0.9983       0.0920       0.9814
  42       0.0091       0.9984       0.0936       0.9813
  43       0.0087       0.9986       0.0955       0.9814
  44       0.0082       0.9987       0.0978       0.9809
  45       0.0078       0.9987       0.1002       0.9805
  46       0.0075       0.9989       0.1011       0.9804
  47       0.0071       0.9990       0.1041       0.9803
  48       0.0068       0.9990       0.1054       0.9795
  49       0.0065       0.9990       0.1073       0.9798
  50       0.0066       0.9989       0.1048       0.9806
  51       0.0070       0.9986       0.1115       0.9792
  52       0.0060       0.9989       0.1111       0.9793
  53       0.0058       0.9990       0.1111       0.9796
  54       0.0061       0.9988       0.1156       0.9790
  55       0.0055       0.9991       0.1176       0.9790
  56       0.0050       0.9992       0.1216       0.9785
  57       0.0047       0.9994       0.1185       0.9796
  58       0.0040       0.9995       0.1205       0.9795
  59       0.0038       0.9996       0.1209       0.9790
  60       0.0045       0.9992       0.1328       0.9787
  61       0.0049       0.9989       0.1297       0.9785
  62       0.0049       0.9989       0.1225       0.9794
  63       0.0039       0.9993       0.1255       0.9786
  64       0.0032       0.9996       0.1254       0.9801
  65       0.0029       0.9997       0.1238       0.9805
  66       0.0026       0.9998       0.1244       0.9806
  67       0.0029       0.9996       0.1258       0.9788
  68       0.0063       0.9980       0.1345       0.9788
  69       0.0045       0.9987       0.1326       0.9796
  70       0.0029       0.9995       0.1447       0.9781
  71       0.0024       0.9997       0.1334       0.9784
  72       0.0025       0.9996       0.1339       0.9794
  73       0.0023       0.9998       0.1394       0.9798
  74       0.0023       0.9998       0.1300       0.9803
  75       0.0052       0.9982       0.1482       0.9784
  76       0.0037       0.9990       0.1334       0.9800
  77       0.0026       0.9994       0.1294       0.9812
  78       0.0018       0.9998       0.1289       0.9808
  79       0.0016       0.9999       0.1345       0.9809
  80       0.0015       0.9999       0.1357       0.9817
  81       0.0056       0.9981       0.1382       0.9796
  82       0.0026       0.9994       0.1295       0.9815
  83       0.0016       0.9998       0.1330       0.9820
  84       0.0017       0.9998       0.1344       0.9815
  85       0.0020       0.9997       0.1327       0.9815
  86       0.0026       0.9994       0.1420       0.9810
  87       0.0028       0.9993       0.1372       0.9814
  88       0.0020       0.9995       0.1403       0.9807
  89       0.0018       0.9997       0.1369       0.9814
  90       0.0016       0.9998       0.1357       0.9820
  91       0.0018       0.9996       0.1370       0.9823
  92       0.0016       0.9997       0.1380       0.9821
  93       0.0031       0.9991       0.1499       0.9803
  94       0.0028       0.9993       0.1380       0.9816
  95       0.0012       0.9999       0.1427       0.9808
  96       0.0009       0.9999       0.1447       0.9811
  97       0.0014       0.9998       0.1478       0.9809
  98       0.0031       0.9991       0.1468       0.9802
  99       0.0015       0.9998       0.1369       0.9828
 100       0.0020       0.9995       0.1459       0.9817
 101       0.0022       0.9994       0.1448       0.9818
 102       0.0014       0.9997       0.1452       0.9823
 103       0.0009       1.0000       0.1409       0.9825
 104       0.0016       0.9995       0.1610       0.9795
 105       0.0036       0.9990       0.1443       0.9826
 106       0.0010       0.9999       0.1425       0.9824
 107       0.0006       1.0000       0.1429       0.9827
 108       0.0004       1.0000       0.1438       0.9820
 109       0.0004       1.0000       0.1454       0.9825
 110       0.0003       1.0000       0.1467       0.9821
 111       0.0003       1.0000       0.1486       0.9818
 112       0.0003       1.0000       0.1508       0.9822
 113       0.0044       0.9988       0.1659       0.9802
 114       0.0051       0.9984       0.1541       0.9817
 115       0.0010       0.9998       0.1442       0.9822
 116       0.0005       1.0000       0.1443       0.9823
 117       0.0003       1.0000       0.1456       0.9824
 118       0.0010       0.9997       0.1562       0.9812
 119       0.0026       0.9991       0.1703       0.9801
 120       0.0032       0.9990       0.1502       0.9819
 121       0.0007       0.9999       0.1574       0.9818
 122       0.0004       1.0000       0.1508       0.9823
 123       0.0003       1.0000       0.1502       0.9822
 124       0.0002       1.0000       0.1508       0.9822
 125       0.0002       1.0000       0.1518       0.9824
 126       0.0002       1.0000       0.1530       0.9825
 127       0.0002       1.0000       0.1546       0.9826
 128       0.0002       1.0000       0.1570       0.9826
 129       0.0044       0.9985       0.1795       0.9795
 130       0.0033       0.9989       0.1622       0.9810
 131       0.0010       0.9998       0.1555       0.9830
 132       0.0004       1.0000       0.1547       0.9827
 133       0.0002       1.0000       0.1545       0.9835
 134       0.0002       1.0000       0.1552       0.9835
 135       0.0002       1.0000       0.1563       0.9834
 136       0.0001       1.0000       0.1576       0.9829
 137       0.0001       1.0000       0.1591       0.9827
 138       0.0001       1.0000       0.1608       0.9827
 139       0.0001       1.0000       0.1628       0.9826
 140       0.0002       1.0000       0.2098       0.9761
 141       0.0082       0.9974       0.1635       0.9811
 142       0.0009       0.9998       0.1566       0.9834
 143       0.0003       1.0000       0.1580       0.9827
 144       0.0002       1.0000       0.1581       0.9831
 145       0.0001       1.0000       0.1588       0.9830
 146       0.0001       1.0000       0.1596       0.9830
 147       0.0001       1.0000       0.1606       0.9832
 148       0.0001       1.0000       0.1617       0.9828
 149       0.0001       1.0000       0.1633       0.9826
 150       0.0001       1.0000       0.1653       0.9824
 151       0.0001       1.0000       0.1667       0.9821
 152       0.0062       0.9981       0.1758       0.9800
 153       0.0022       0.9993       0.1853       0.9801
 154       0.0005       0.9999       0.1673       0.9826
 155       0.0002       1.0000       0.1673       0.9825
 156       0.0001       1.0000       0.1676       0.9824
 157       0.0001       1.0000       0.1679       0.9824
 158       0.0001       1.0000       0.1685       0.9825
 159       0.0001       1.0000       0.1693       0.9827
 160       0.0001       1.0000       0.1701       0.9827
 161       0.0001       1.0000       0.1710       0.9820
 162       0.0001       1.0000       0.1726       0.9822
 163       0.0001       1.0000       0.1748       0.9819
 164       0.0053       0.9984       0.1950       0.9788
 165       0.0040       0.9986       0.1678       0.9821
 166       0.0006       0.9999       0.1643       0.9827
 167       0.0003       1.0000       0.1653       0.9833
 168       0.0001       1.0000       0.1651       0.9828
 169       0.0001       1.0000       0.1658       0.9826
 170       0.0001       1.0000       0.1667       0.9826
 171       0.0001       1.0000       0.1678       0.9827
 172       0.0001       1.0000       0.1690       0.9828
 173       0.0001       1.0000       0.1705       0.9829
 174       0.0001       1.0000       0.1723       0.9829
 175       0.0001       1.0000       0.1747       0.9826
 176       0.0001       1.0000       0.1769       0.9825
 177       0.0001       1.0000       0.1793       0.9822
 178       0.0048       0.9989       0.2012       0.9795
 179       0.0037       0.9987       0.1680       0.9835
 180       0.0005       0.9999       0.1741       0.9828
 181       0.0001       1.0000       0.1732       0.9833
 182       0.0001       1.0000       0.1728       0.9830
 183       0.0001       1.0000       0.1728       0.9831
 184       0.0001       1.0000       0.1734       0.9830
 185       0.0001       1.0000       0.1741       0.9832
 186       0.0001       1.0000       0.1750       0.9835
 187       0.0000       1.0000       0.1761       0.9830
 188       0.0000       1.0000       0.1774       0.9827
 189       0.0000       1.0000       0.1792       0.9826
 190       0.0000       1.0000       0.1812       0.9823
 191       0.0000       1.0000       0.1835       0.9820
 192       0.0000       1.0000       0.1867       0.9821
 193       0.0058       0.9984       0.2168       0.9777
 194       0.0036       0.9987       0.1923       0.9815
 195       0.0004       0.9999       0.1819       0.9826
 196       0.0001       1.0000       0.1815       0.9831
 197       0.0001       1.0000       0.1812       0.9828
 198       0.0001       1.0000       0.1815       0.9829
 199       0.0001       1.0000       0.1820       0.9831
 200       0.0000       1.0000       0.1825       0.9833
 201       0.0000       1.0000       0.1831       0.9835
 202       0.0000       1.0000       0.1838       0.9832
 203       0.0000       1.0000       0.1846       0.9832
 204       0.0000       1.0000       0.1856       0.9832
 205       0.0000       1.0000       0.1869       0.9831
 206       0.0000       1.0000       0.1885       0.9827
 207       0.0000       1.0000       0.1901       0.9826
 208       0.0006       0.9998       0.2638       0.9753
 209       0.0057       0.9985       0.1869       0.9824
 210       0.0005       0.9999       0.1881       0.9813
 211       0.0001       1.0000       0.1904       0.9821
 212       0.0001       1.0000       0.1897       0.9822
 213       0.0000       1.0000       0.1899       0.9824
 214       0.0000       1.0000       0.1902       0.9827
 215       0.0000       1.0000       0.1907       0.9827
 216       0.0000       1.0000       0.1913       0.9829
 217       0.0000       1.0000       0.1920       0.9830
 218       0.0000       1.0000       0.1927       0.9829
 219       0.0000       1.0000       0.1935       0.9832
 220       0.0000       1.0000       0.1943       0.9833
 221       0.0000       1.0000       0.1950       0.9833
 222       0.0000       1.0000       0.1962       0.9831
 223       0.0000       1.0000       0.1977       0.9829
 224       0.0000       1.0000       0.1985       0.9829
 225       0.0077       0.9983       0.2110       0.9804
 226       0.0011       0.9995       0.1998       0.9820
 227       0.0003       0.9999       0.1946       0.9829
 228       0.0001       1.0000       0.1941       0.9827
 229       0.0000       1.0000       0.1940       0.9826
 230       0.0000       1.0000       0.1942       0.9825
 231       0.0000       1.0000       0.1946       0.9826
 232       0.0000       1.0000       0.1952       0.9826
 233       0.0000       1.0000       0.1958       0.9829
 234       0.0000       1.0000       0.1964       0.9828
 235       0.0000       1.0000       0.1970       0.9826
 236       0.0000       1.0000       0.1976       0.9827
 237       0.0000       1.0000       0.1984       0.9828
 238       0.0000       1.0000       0.1991       0.9826
 239       0.0000       1.0000       0.1999       0.9829
 240       0.0000       1.0000       0.2016       0.9832
 241       0.0000       1.0000       0.2040       0.9830
 242       0.0060       0.9985       0.2416       0.9798
 243       0.0020       0.9993       0.2093       0.9815
 244       0.0001       1.0000       0.2097       0.9820
 245       0.0001       1.0000       0.2043       0.9819
 246       0.0000       1.0000       0.2041       0.9820
 247       0.0000       1.0000       0.2041       0.9820
 248       0.0000       1.0000       0.2042       0.9822
 249       0.0000       1.0000       0.2043       0.9821
 250       0.0000       1.0000       0.2046       0.9823
 251       0.0000       1.0000       0.2049       0.9824
 252       0.0000       1.0000       0.2053       0.9824
 253       0.0000       1.0000       0.2056       0.9825
 254       0.0000       1.0000       0.2060       0.9825
 255       0.0000       1.0000       0.2066       0.9825
 256       0.0000       1.0000       0.2073       0.9829
 257       0.0000       1.0000       0.2083       0.9828
 258       0.0000       1.0000       0.2094       0.9829
 259       0.0000       1.0000       0.2107       0.9829
 260       0.0064       0.9982       0.2278       0.9804
 261       0.0011       0.9997       0.2225       0.9819
 262       0.0004       0.9999       0.2056       0.9824
 263       0.0001       1.0000       0.2007       0.9827
 264       0.0000       1.0000       0.2009       0.9825
 265       0.0000       1.0000       0.2011       0.9824
 266       0.0000       1.0000       0.2014       0.9825
 267       0.0000       1.0000       0.2018       0.9825
 268       0.0000       1.0000       0.2021       0.9825
 269       0.0000       1.0000       0.2026       0.9826
 270       0.0000       1.0000       0.2030       0.9828
 271       0.0000       1.0000       0.2034       0.9827
 272       0.0000       1.0000       0.2040       0.9827
 273       0.0000       1.0000       0.2046       0.9824
 274       0.0000       1.0000       0.2056       0.9823
 275       0.0000       1.0000       0.2065       0.9824
 276       0.0000       1.0000       0.2077       0.9823
 277       0.0000       1.0000       0.2092       0.9823
 278       0.0056       0.9986       0.2390       0.9796
 279       0.0027       0.9990       0.2131       0.9810
 280       0.0004       0.9999       0.2079       0.9823
 281       0.0001       1.0000       0.2063       0.9823
 282       0.0000       1.0000       0.2066       0.9823
 283       0.0000       1.0000       0.2070       0.9820
 284       0.0000       1.0000       0.2073       0.9820
 285       0.0000       1.0000       0.2076       0.9819
 286       0.0000       1.0000       0.2079       0.9821
 287       0.0000       1.0000       0.2083       0.9822
 288       0.0000       1.0000       0.2088       0.9823
 289       0.0000       1.0000       0.2094       0.9824
 290       0.0000       1.0000       0.2100       0.9827
 291       0.0000       1.0000       0.2108       0.9825
 292       0.0000       1.0000       0.2116       0.9824
 293       0.0000       1.0000       0.2123       0.9828
 294       0.0000       1.0000       0.2133       0.9829
 295       0.0000       1.0000       0.2143       0.9828
 296       0.0000       1.0000       0.2156       0.9824
 297       0.0047       0.9988       0.2308       0.9811
 298       0.0020       0.9993       0.2169       0.9822
 299       0.0003       0.9999       0.2130       0.9824
 300       0.0001       1.0000       0.2137       0.9824
 301       0.0000       1.0000       0.2135       0.9822
 302       0.0000       1.0000       0.2135       0.9822
 303       0.0000       1.0000       0.2137       0.9823
 304       0.0000       1.0000       0.2140       0.9826
 305       0.0000       1.0000       0.2144       0.9829
 306       0.0000       1.0000       0.2150       0.9832
 307       0.0000       1.0000       0.2155       0.9829
 308       0.0000       1.0000       0.2161       0.9828
 309       0.0000       1.0000       0.2166       0.9827
 310       0.0000       1.0000       0.2172       0.9827
 311       0.0000       1.0000       0.2179       0.9828
 312       0.0000       1.0000       0.2188       0.9827
 313       0.0000       1.0000       0.2199       0.9823
 314       0.0000       1.0000       0.2207       0.9823
 315       0.0000       1.0000       0.2215       0.9821
 316       0.0085       0.9981       0.2578       0.9799
 317       0.0010       0.9996       0.2317       0.9818
 318       0.0005       0.9998       0.2215       0.9826
 319       0.0001       1.0000       0.2192       0.9828
 320       0.0000       1.0000       0.2190       0.9830
 321       0.0000       1.0000       0.2188       0.9829
 322       0.0000       1.0000       0.2187       0.9827
 323       0.0000       1.0000       0.2187       0.9827
 324       0.0000       1.0000       0.2188       0.9829
 325       0.0000       1.0000       0.2190       0.9829
 326       0.0000       1.0000       0.2192       0.9828
 327       0.0000       1.0000       0.2196       0.9828
 328       0.0000       1.0000       0.2201       0.9826
 329       0.0000       1.0000       0.2206       0.9827
 330       0.0000       1.0000       0.2213       0.9828
 331       0.0000       1.0000       0.2221       0.9828
 332       0.0000       1.0000       0.2231       0.9830
 333       0.0000       1.0000       0.2243       0.9833
 334       0.0000       1.0000       0.2258       0.9830
 335       0.0000       1.0000       0.2275       0.9827
 336       0.0000       1.0000       0.2330       0.9823
 337       0.0072       0.9983       0.2221       0.9830
 338       0.0003       0.9999       0.2122       0.9839
 339       0.0001       1.0000       0.2159       0.9826
 340       0.0000       1.0000       0.2149       0.9832
 341       0.0000       1.0000       0.2154       0.9834
 342       0.0000       1.0000       0.2159       0.9833
 343       0.0000       1.0000       0.2165       0.9833
 344       0.0000       1.0000       0.2172       0.9833
 345       0.0000       1.0000       0.2180       0.9832
 346       0.0000       1.0000       0.2189       0.9832
 347       0.0000       1.0000       0.2198       0.9832
 348       0.0000       1.0000       0.2208       0.9833
 349       0.0000       1.0000       0.2218       0.9834
 350       0.0000       1.0000       0.2228       0.9835
 351       0.0000       1.0000       0.2238       0.9832
 352       0.0000       1.0000       0.2248       0.9832
 353       0.0000       1.0000       0.2260       0.9833
 354       0.0000       1.0000       0.2273       0.9831
 355       0.0000       1.0000       0.2286       0.9831
 356       0.0000       1.0000       0.2300       0.9830
 357       0.0000       1.0000       0.2314       0.9828
 358       0.0021       0.9995       0.2890       0.9773
 359       0.0045       0.9987       0.2414       0.9827
 360       0.0002       0.9999       0.2258       0.9836
 361       0.0002       0.9999       0.2279       0.9831
 362       0.0000       1.0000       0.2264       0.9838
 363       0.0000       1.0000       0.2262       0.9837
 364       0.0000       1.0000       0.2260       0.9837
 365       0.0000       1.0000       0.2259       0.9836
 366       0.0000       1.0000       0.2260       0.9836
 367       0.0000       1.0000       0.2260       0.9836
 368       0.0000       1.0000       0.2261       0.9837
 369       0.0000       1.0000       0.2263       0.9838
 370       0.0000       1.0000       0.2266       0.9839
 371       0.0000       1.0000       0.2271       0.9839
 372       0.0000       1.0000       0.2277       0.9839
 373       0.0000       1.0000       0.2284       0.9836
 374       0.0000       1.0000       0.2292       0.9836
 375       0.0000       1.0000       0.2303       0.9835
 376       0.0000       1.0000       0.2316       0.9831
 377       0.0000       1.0000       0.2329       0.9831
 378       0.0000       1.0000       0.2345       0.9833
 379       0.0000       1.0000       0.2362       0.9831
 380       0.0000       1.0000       0.2382       0.9831
 381       0.0005       0.9998       0.2854       0.9787
 382       0.0072       0.9983       0.2463       0.9818
 383       0.0003       0.9999       0.2395       0.9825
 384       0.0000       1.0000       0.2385       0.9823
 385       0.0000       1.0000       0.2381       0.9825
 386       0.0000       1.0000       0.2379       0.9825
 387       0.0000       1.0000       0.2377       0.9826
 388       0.0000       1.0000       0.2375       0.9827
 389       0.0000       1.0000       0.2374       0.9827
 390       0.0000       1.0000       0.2373       0.9827
 391       0.0000       1.0000       0.2373       0.9828
 392       0.0000       1.0000       0.2373       0.9828
 393       0.0000       1.0000       0.2375       0.9829
 394       0.0000       1.0000       0.2377       0.9831
 395       0.0000       1.0000       0.2380       0.9830
 396       0.0000       1.0000       0.2384       0.9829
 397       0.0000       1.0000       0.2389       0.9831
 398       0.0000       1.0000       0.2395       0.9829
 399       0.0000       1.0000       0.2401       0.9831
 400       0.0000       1.0000       0.2408       0.9833
 401       0.0000       1.0000       0.2417       0.9834
 402       0.0000       1.0000       0.2429       0.9831
 403       0.0000       1.0000       0.2444       0.9830
 404       0.0000       1.0000       0.2459       0.9827
 405       0.0073       0.9983       0.2688       0.9801
 406       0.0011       0.9996       0.2522       0.9815
 407       0.0002       1.0000       0.2498       0.9817
 408       0.0000       1.0000       0.2491       0.9818
 409       0.0000       1.0000       0.2490       0.9817
 410       0.0000       1.0000       0.2489       0.9817
 411       0.0000       1.0000       0.2488       0.9816
 412       0.0000       1.0000       0.2489       0.9816
 413       0.0000       1.0000       0.2490       0.9817
 414       0.0000       1.0000       0.2493       0.9817
 415       0.0000       1.0000       0.2497       0.9817
 416       0.0000       1.0000       0.2501       0.9819
 417       0.0000       1.0000       0.2507       0.9820
 418       0.0000       1.0000       0.2512       0.9820
 419       0.0000       1.0000       0.2518       0.9822
 420       0.0000       1.0000       0.2523       0.9824
 421       0.0000       1.0000       0.2528       0.9825
 422       0.0000       1.0000       0.2532       0.9826
 423       0.0000       1.0000       0.2537       0.9827
 424       0.0000       1.0000       0.2541       0.9829
 425       0.0000       1.0000       0.2546       0.9829
 426       0.0000       1.0000       0.2551       0.9833
 427       0.0000       1.0000       0.2556       0.9831
 428       0.0000       1.0000       0.2563       0.9828
 429       0.0050       0.9986       0.2712       0.9815
 430       0.0009       0.9998       0.2609       0.9820
 431       0.0000       1.0000       0.2619       0.9819
 432       0.0000       1.0000       0.2619       0.9820
 433       0.0000       1.0000       0.2613       0.9823
 434       0.0000       1.0000       0.2608       0.9822
 435       0.0000       1.0000       0.2605       0.9822
 436       0.0000       1.0000       0.2602       0.9822
 437       0.0000       1.0000       0.2599       0.9822
 438       0.0000       1.0000       0.2597       0.9822
 439       0.0000       1.0000       0.2596       0.9823
 440       0.0000       1.0000       0.2596       0.9824
 441       0.0000       1.0000       0.2596       0.9821
 442       0.0000       1.0000       0.2598       0.9818
 443       0.0000       1.0000       0.2601       0.9818
 444       0.0000       1.0000       0.2604       0.9820
 445       0.0000       1.0000       0.2608       0.9820
 446       0.0000       1.0000       0.2613       0.9823
 447       0.0000       1.0000       0.2619       0.9823
 448       0.0000       1.0000       0.2625       0.9825
 449       0.0000       1.0000       0.2631       0.9826
 450       0.0000       1.0000       0.2639       0.9829
 451       0.0000       1.0000       0.2649       0.9826
 452       0.0088       0.9981       0.2824       0.9819
 453       0.0006       0.9998       0.2780       0.9830
 454       0.0000       1.0000       0.2636       0.9835
 455       0.0000       1.0000       0.2630       0.9838
 456       0.0000       1.0000       0.2630       0.9836
 457       0.0000       1.0000       0.2630       0.9837
 458       0.0000       1.0000       0.2631       0.9837
 459       0.0000       1.0000       0.2632       0.9836
 460       0.0000       1.0000       0.2633       0.9834
 461       0.0000       1.0000       0.2635       0.9834
 462       0.0000       1.0000       0.2638       0.9834
 463       0.0000       1.0000       0.2641       0.9835
 464       0.0000       1.0000       0.2645       0.9834
 465       0.0000       1.0000       0.2650       0.9834
 466       0.0000       1.0000       0.2655       0.9833
 467       0.0000       1.0000       0.2660       0.9833
 468       0.0000       1.0000       0.2667       0.9831
 469       0.0000       1.0000       0.2672       0.9832
 470       0.0000       1.0000       0.2679       0.9832
 471       0.0000       1.0000       0.2685       0.9831
 472       0.0000       1.0000       0.2692       0.9830
 473       0.0000       1.0000       0.2698       0.9830
 474       0.0000       1.0000       0.2707       0.9830
 475       0.0000       1.0000       0.2717       0.9831
 476       0.0000       1.0000       0.2716       0.9829
 477       0.0057       0.9984       0.2789       0.9805
 478       0.0005       0.9998       0.2711       0.9822
 479       0.0001       1.0000       0.2807       0.9823
 480       0.0000       1.0000       0.2698       0.9823
 481       0.0000       1.0000       0.2689       0.9823
 482       0.0000       1.0000       0.2686       0.9824
 483       0.0000       1.0000       0.2683       0.9824
 484       0.0000       1.0000       0.2681       0.9824
 485       0.0000       1.0000       0.2680       0.9823
 486       0.0000       1.0000       0.2679       0.9823
 487       0.0000       1.0000       0.2679       0.9823
 488       0.0000       1.0000       0.2681       0.9823
 489       0.0000       1.0000       0.2684       0.9824
 490       0.0000       1.0000       0.2687       0.9823
 491       0.0000       1.0000       0.2691       0.9824
 492       0.0000       1.0000       0.2696       0.9824
 493       0.0000       1.0000       0.2700       0.9827
 494       0.0000       1.0000       0.2704       0.9826
 495       0.0000       1.0000       0.2709       0.9825
 496       0.0000       1.0000       0.2715       0.9827
 497       0.0000       1.0000       0.2722       0.9830
 498       0.0000       1.0000       0.2729       0.9829
 499       0.0000       1.0000       0.2737       0.9830
 500       0.0000       1.0000       0.2750       0.9829
 501       0.0000       1.0000       0.2766       0.9825
 502       0.0063       0.9984       0.2923       0.9793
 503       0.0014       0.9996       0.2802       0.9825
 504       0.0001       1.0000       0.2766       0.9825
 505       0.0000       1.0000       0.2757       0.9829
 506       0.0000       1.0000       0.2752       0.9830
 507       0.0000       1.0000       0.2749       0.9829
 508       0.0000       1.0000       0.2746       0.9830
 509       0.0000       1.0000       0.2745       0.9831
 510       0.0000       1.0000       0.2743       0.9830
 511       0.0000       1.0000       0.2741       0.9830
 512       0.0000       1.0000       0.2740       0.9829
 513       0.0000       1.0000       0.2740       0.9829
 514       0.0000       1.0000       0.2740       0.9831
 515       0.0000       1.0000       0.2742       0.9831
 516       0.0000       1.0000       0.2744       0.9830
 517       0.0000       1.0000       0.2747       0.9830
 518       0.0000       1.0000       0.2751       0.9831
 519       0.0000       1.0000       0.2755       0.9831
 520       0.0000       1.0000       0.2761       0.9830
 521       0.0000       1.0000       0.2767       0.9828
 522       0.0000       1.0000       0.2773       0.9829
 523       0.0000       1.0000       0.2780       0.9830
 524       0.0000       1.0000       0.2788       0.9829
 525       0.0000       1.0000       0.2797       0.9826
 526       0.0000       1.0000       0.2802       0.9828
 527       0.0072       0.9980       0.2874       0.9819
 528       0.0009       0.9997       0.2795       0.9817
 529       0.0006       0.9998       0.2820       0.9820
 530       0.0001       1.0000       0.2792       0.9810
 531       0.0000       1.0000       0.2794       0.9812
 532       0.0000       1.0000       0.2792       0.9814
 533       0.0000       1.0000       0.2791       0.9814
 534       0.0000       1.0000       0.2791       0.9817
 535       0.0000       1.0000       0.2791       0.9817
 536       0.0000       1.0000       0.2792       0.9816
 537       0.0000       1.0000       0.2793       0.9818
 538       0.0000       1.0000       0.2794       0.9817
 539       0.0000       1.0000       0.2795       0.9818
 540       0.0000       1.0000       0.2797       0.9819
 541       0.0000       1.0000       0.2800       0.9819
 542       0.0000       1.0000       0.2804       0.9818
 543       0.0000       1.0000       0.2807       0.9818
 544       0.0000       1.0000       0.2811       0.9818
 545       0.0000       1.0000       0.2816       0.9818
 546       0.0000       1.0000       0.2821       0.9818
 547       0.0000       1.0000       0.2828       0.9819
 548       0.0000       1.0000       0.2834       0.9819
 549       0.0000       1.0000       0.2839       0.9820
 550       0.0000       1.0000       0.2845       0.9822
 551       0.0000       1.0000       0.2850       0.9821
 552       0.0000       1.0000       0.2853       0.9820
 553       0.0000       1.0000       0.2860       0.9818
 554       0.0064       0.9987       0.3124       0.9809
 555       0.0011       0.9997       0.2925       0.9814
 556       0.0003       0.9999       0.2785       0.9825
 557       0.0000       1.0000       0.2778       0.9828
 558       0.0000       1.0000       0.2781       0.9828
 559       0.0000       1.0000       0.2784       0.9827
 560       0.0000       1.0000       0.2787       0.9828
 561       0.0000       1.0000       0.2790       0.9828
 562       0.0000       1.0000       0.2793       0.9829
 563       0.0000       1.0000       0.2796       0.9828
 564       0.0000       1.0000       0.2799       0.9828
 565       0.0000       1.0000       0.2802       0.9829
 566       0.0000       1.0000       0.2805       0.9827
 567       0.0000       1.0000       0.2809       0.9828
 568       0.0000       1.0000       0.2812       0.9830
 569       0.0000       1.0000       0.2817       0.9829
 570       0.0000       1.0000       0.2821       0.9829
 571       0.0000       1.0000       0.2826       0.9827
 572       0.0000       1.0000       0.2833       0.9828
 573       0.0000       1.0000       0.2839       0.9829
 574       0.0000       1.0000       0.2847       0.9828
 575       0.0000       1.0000       0.2854       0.9828
 576       0.0000       1.0000       0.2862       0.9829
 577       0.0000       1.0000       0.2870       0.9832
 578       0.0000       1.0000       0.2878       0.9831
 579       0.0000       1.0000       0.2885       0.9831
 580       0.0000       1.0000       0.2892       0.9828
 581       0.0000       1.0000       0.2896       0.9828
 582       0.0077       0.9985       0.3068       0.9815
 583       0.0008       0.9997       0.2951       0.9819
 584       0.0000       1.0000       0.2953       0.9817
 585       0.0000       1.0000       0.2954       0.9817
 586       0.0000       1.0000       0.2954       0.9817
 587       0.0000       1.0000       0.2954       0.9817
 588       0.0000       1.0000       0.2953       0.9817
 589       0.0000       1.0000       0.2952       0.9818
 590       0.0000       1.0000       0.2950       0.9820
 591       0.0000       1.0000       0.2948       0.9820
 592       0.0000       1.0000       0.2947       0.9822
 593       0.0000       1.0000       0.2945       0.9823
 594       0.0000       1.0000       0.2944       0.9823
 595       0.0000       1.0000       0.2943       0.9823
 596       0.0000       1.0000       0.2942       0.9824
 597       0.0000       1.0000       0.2943       0.9824
 598       0.0000       1.0000       0.2944       0.9824
 599       0.0000       1.0000       0.2946       0.9824
 600       0.0000       1.0000       0.2950       0.9820
 601       0.0000       1.0000       0.2954       0.9820
 602       0.0000       1.0000       0.2958       0.9820
 603       0.0000       1.0000       0.2962       0.9822
 604       0.0000       1.0000       0.2965       0.9825
 605       0.0000       1.0000       0.2968       0.9824
 606       0.0000       1.0000       0.2970       0.9823
 607       0.0000       1.0000       0.2972       0.9821
 608       0.0000       1.0000       0.2975       0.9822
 609       0.0000       1.0000       0.3165       0.9809
 610       0.0059       0.9984       0.2942       0.9816
 611       0.0002       0.9999       0.2875       0.9822
 612       0.0000       1.0000       0.2961       0.9815
 613       0.0000       1.0000       0.2935       0.9817
 614       0.0000       1.0000       0.2928       0.9821
 615       0.0000       1.0000       0.2925       0.9821
 616       0.0000       1.0000       0.2922       0.9821
 617       0.0000       1.0000       0.2919       0.9821
 618       0.0000       1.0000       0.2917       0.9822
 619       0.0000       1.0000       0.2915       0.9822
 620       0.0000       1.0000       0.2912       0.9824
 621       0.0000       1.0000       0.2911       0.9823
 622       0.0000       1.0000       0.2910       0.9822
 623       0.0000       1.0000       0.2910       0.9822
 624       0.0000       1.0000       0.2910       0.9824
 625       0.0000       1.0000       0.2912       0.9824
 626       0.0000       1.0000       0.2915       0.9823
 627       0.0000       1.0000       0.2919       0.9822
 628       0.0000       1.0000       0.2924       0.9820
 629       0.0000       1.0000       0.2930       0.9820
 630       0.0000       1.0000       0.2936       0.9820
 631       0.0000       1.0000       0.2944       0.9820
 632       0.0000       1.0000       0.2953       0.9817
 633       0.0000       1.0000       0.2962       0.9815
 634       0.0000       1.0000       0.2973       0.9816
 635       0.0000       1.0000       0.2985       0.9815
 636       0.0000       1.0000       0.2999       0.9815
 637       0.0000       1.0000       0.3009       0.9815
 638       0.0057       0.9987       0.2953       0.9814
 639       0.0008       0.9998       0.3003       0.9815
 640       0.0001       1.0000       0.2966       0.9817
 641       0.0000       1.0000       0.2959       0.9819
 642       0.0000       1.0000       0.2957       0.9818
 643       0.0000       1.0000       0.2957       0.9819
 644       0.0000       1.0000       0.2956       0.9820
 645       0.0000       1.0000       0.2955       0.9821
 646       0.0000       1.0000       0.2956       0.9822
 647       0.0000       1.0000       0.2956       0.9824
 648       0.0000       1.0000       0.2957       0.9824
 649       0.0000       1.0000       0.2958       0.9822
 650       0.0000       1.0000       0.2960       0.9822
 651       0.0000       1.0000       0.2962       0.9822
 652       0.0000       1.0000       0.2965       0.9820
 653       0.0000       1.0000       0.2968       0.9820
 654       0.0000       1.0000       0.2971       0.9819
 655       0.0000       1.0000       0.2975       0.9818
 656       0.0000       1.0000       0.2980       0.9818
 657       0.0000       1.0000       0.2983       0.9819
 658       0.0000       1.0000       0.2988       0.9818
 659       0.0000       1.0000       0.2993       0.9818
 660       0.0000       1.0000       0.2996       0.9816
 661       0.0000       1.0000       0.3000       0.9815
 662       0.0000       1.0000       0.3005       0.9814
 663       0.0000       1.0000       0.3011       0.9814
 664       0.0000       1.0000       0.3018       0.9814
 665       0.0000       1.0000       0.3027       0.9815
 666       0.0000       1.0000       0.3037       0.9815
 667       0.0000       1.0000       0.3042       0.9815
 668       0.0072       0.9984       0.3277       0.9798
 669       0.0006       0.9998       0.2998       0.9819
 670       0.0001       0.9999       0.3011       0.9818
 671       0.0000       1.0000       0.3022       0.9819
 672       0.0000       1.0000       0.3021       0.9821
 673       0.0000       1.0000       0.3021       0.9821
 674       0.0000       1.0000       0.3021       0.9821
 675       0.0000       1.0000       0.3022       0.9823
 676       0.0000       1.0000       0.3022       0.9823
 677       0.0000       1.0000       0.3023       0.9823
 678       0.0000       1.0000       0.3023       0.9823
 679       0.0000       1.0000       0.3024       0.9822
 680       0.0000       1.0000       0.3025       0.9822
 681       0.0000       1.0000       0.3027       0.9821
 682       0.0000       1.0000       0.3030       0.9821
 683       0.0000       1.0000       0.3032       0.9822
 684       0.0000       1.0000       0.3036       0.9820
 685       0.0000       1.0000       0.3039       0.9819
 686       0.0000       1.0000       0.3042       0.9820
 687       0.0000       1.0000       0.3046       0.9819
 688       0.0000       1.0000       0.3050       0.9818
 689       0.0000       1.0000       0.3053       0.9821
 690       0.0000       1.0000       0.3056       0.9821
 691       0.0000       1.0000       0.3059       0.9821
 692       0.0000       1.0000       0.3062       0.9821
 693       0.0000       1.0000       0.3067       0.9821
 694       0.0000       1.0000       0.3073       0.9821
 695       0.0000       1.0000       0.3082       0.9820
 696       0.0000       1.0000       0.3095       0.9820
 697       0.0000       1.0000       0.3386       0.9808
 698       0.0067       0.9984       0.3215       0.9814
 699       0.0002       0.9999       0.3207       0.9819
 700       0.0000       1.0000       0.3154       0.9820
 701       0.0000       1.0000       0.3147       0.9819
 702       0.0000       1.0000       0.3143       0.9819
 703       0.0000       1.0000       0.3140       0.9821
 704       0.0000       1.0000       0.3138       0.9822
 705       0.0000       1.0000       0.3135       0.9822
 706       0.0000       1.0000       0.3133       0.9821
 707       0.0000       1.0000       0.3131       0.9821
 708       0.0000       1.0000       0.3128       0.9820
 709       0.0000       1.0000       0.3126       0.9820
 710       0.0000       1.0000       0.3123       0.9820
 711       0.0000       1.0000       0.3122       0.9821
 712       0.0000       1.0000       0.3120       0.9821
 713       0.0000       1.0000       0.3119       0.9819
 714       0.0000       1.0000       0.3118       0.9821
 715       0.0000       1.0000       0.3118       0.9820
 716       0.0000       1.0000       0.3119       0.9819
 717       0.0000       1.0000       0.3120       0.9824
 718       0.0000       1.0000       0.3122       0.9824
 719       0.0000       1.0000       0.3125       0.9824
 720       0.0000       1.0000       0.3129       0.9824
 721       0.0000       1.0000       0.3133       0.9825
 722       0.0000       1.0000       0.3139       0.9823
 723       0.0000       1.0000       0.3144       0.9822
 724       0.0000       1.0000       0.3150       0.9820
 725       0.0000       1.0000       0.3157       0.9819
 726       0.0000       1.0000       0.3162       0.9820
 727       0.0000       1.0000       0.3168       0.9820
 728       0.0059       0.9986       0.3268       0.9814
 729       0.0001       1.0000       0.3125       0.9819
 730       0.0000       1.0000       0.3119       0.9825
 731       0.0000       1.0000       0.3117       0.9825
 732       0.0000       1.0000       0.3116       0.9822
 733       0.0000       1.0000       0.3115       0.9820
 734       0.0000       1.0000       0.3115       0.9820
 735       0.0000       1.0000       0.3115       0.9820
 736       0.0000       1.0000       0.3114       0.9820
 737       0.0000       1.0000       0.3115       0.9821
 738       0.0000       1.0000       0.3115       0.9820
 739       0.0000       1.0000       0.3116       0.9821
 740       0.0000       1.0000       0.3117       0.9820
 741       0.0000       1.0000       0.3119       0.9821
 742       0.0000       1.0000       0.3122       0.9821
 743       0.0000       1.0000       0.3125       0.9822
 744       0.0000       1.0000       0.3130       0.9823
 745       0.0000       1.0000       0.3135       0.9822
 746       0.0000       1.0000       0.3141       0.9821
 747       0.0000       1.0000       0.3146       0.9821
 748       0.0000       1.0000       0.3153       0.9823
 749       0.0000       1.0000       0.3160       0.9823
 750       0.0000       1.0000       0.3166       0.9821
 751       0.0000       1.0000       0.3174       0.9822
 752       0.0000       1.0000       0.3183       0.9822
 753       0.0000       1.0000       0.3191       0.9821
 754       0.0000       1.0000       0.3201       0.9821
 755       0.0000       1.0000       0.3210       0.9820
 756       0.0000       1.0000       0.3222       0.9819
 757       0.0000       1.0000       0.3232       0.9821
 758       0.0000       1.0000       0.3245       0.9821
 759       0.0000       1.0000       0.3428       0.9807
 760       0.0052       0.9987       0.3467       0.9805
 761       0.0002       0.9999       0.3312       0.9815
 762       0.0000       1.0000       0.3349       0.9812
 763       0.0013       0.9997       0.3401       0.9815
 764       0.0001       1.0000       0.3296       0.9818
 765       0.0000       1.0000       0.3306       0.9815
 766       0.0000       1.0000       0.3301       0.9816
 767       0.0000       1.0000       0.3298       0.9817
 768       0.0000       1.0000       0.3296       0.9817
 769       0.0000       1.0000       0.3293       0.9820
 770       0.0000       1.0000       0.3290       0.9819
 771       0.0000       1.0000       0.3287       0.9820
 772       0.0000       1.0000       0.3285       0.9821
 773       0.0000       1.0000       0.3283       0.9820
 774       0.0000       1.0000       0.3282       0.9820
 775       0.0000       1.0000       0.3281       0.9820
 776       0.0000       1.0000       0.3281       0.9820
 777       0.0000       1.0000       0.3282       0.9821
 778       0.0000       1.0000       0.3284       0.9819
 779       0.0000       1.0000       0.3286       0.9819
 780       0.0000       1.0000       0.3290       0.9819
 781       0.0000       1.0000       0.3294       0.9819
 782       0.0000       1.0000       0.3299       0.9821
 783       0.0000       1.0000       0.3305       0.9820
 784       0.0000       1.0000       0.3311       0.9821
 785       0.0000       1.0000       0.3317       0.9821
 786       0.0000       1.0000       0.3323       0.9821
 787       0.0000       1.0000       0.3329       0.9821
 788       0.0000       1.0000       0.3335       0.9822
 789       0.0000       1.0000       0.3342       0.9822
 790       0.0000       1.0000       0.3351       0.9822
 791       0.0000       1.0000       0.3362       0.9822
 792       0.0000       1.0000       0.3370       0.9821
 793       0.0067       0.9986       0.3456       0.9812
 794       0.0008       0.9997       0.3291       0.9817
 795       0.0003       0.9999       0.3302       0.9821
 796       0.0000       1.0000       0.3314       0.9824
 797       0.0000       1.0000       0.3313       0.9821
 798       0.0000       1.0000       0.3313       0.9820
 799       0.0000       1.0000       0.3314       0.9820
 800       0.0000       1.0000       0.3314       0.9820
 801       0.0000       1.0000       0.3315       0.9819
 802       0.0000       1.0000       0.3315       0.9820
 803       0.0000       1.0000       0.3314       0.9821
 804       0.0000       1.0000       0.3314       0.9822
 805       0.0000       1.0000       0.3315       0.9822
 806       0.0000       1.0000       0.3314       0.9822
 807       0.0000       1.0000       0.3315       0.9821
 808       0.0000       1.0000       0.3316       0.9822
 809       0.0000       1.0000       0.3317       0.9822
 810       0.0000       1.0000       0.3319       0.9822
 811       0.0000       1.0000       0.3321       0.9822
 812       0.0000       1.0000       0.3325       0.9821
 813       0.0000       1.0000       0.3329       0.9821
 814       0.0000       1.0000       0.3333       0.9821
 815       0.0000       1.0000       0.3338       0.9819
 816       0.0000       1.0000       0.3343       0.9821
 817       0.0000       1.0000       0.3348       0.9821
 818       0.0000       1.0000       0.3354       0.9820
 819       0.0000       1.0000       0.3359       0.9818
 820       0.0000       1.0000       0.3366       0.9819
 821       0.0000       1.0000       0.3373       0.9818
 822       0.0000       1.0000       0.3380       0.9817
 823       0.0000       1.0000       0.3391       0.9816
 824       0.0000       1.0000       0.3402       0.9816
 825       0.0000       1.0000       0.3409       0.9816
 826       0.0029       0.9994       0.3566       0.9787
 827       0.0033       0.9990       0.3451       0.9813
 828       0.0008       0.9998       0.3524       0.9810
 829       0.0000       1.0000       0.3407       0.9817
 830       0.0004       0.9999       0.3403       0.9810
 831       0.0004       0.9998       0.3560       0.9812
 832       0.0023       0.9994       0.3521       0.9819
 833       0.0005       0.9998       0.3353       0.9828
 834       0.0007       0.9998       0.3383       0.9816
 835       0.0006       0.9998       0.3579       0.9807
 836       0.0006       0.9999       0.3494       0.9806
 837       0.0000       1.0000       0.3415       0.9821
 838       0.0000       1.0000       0.3405       0.9821
 839       0.0000       1.0000       0.3402       0.9822
 840       0.0000       1.0000       0.3400       0.9822
 841       0.0000       1.0000       0.3399       0.9823
 842       0.0000       1.0000       0.3397       0.9822
 843       0.0000       1.0000       0.3396       0.9823
 844       0.0000       1.0000       0.3395       0.9823
 845       0.0000       1.0000       0.3394       0.9824
 846       0.0000       1.0000       0.3393       0.9824
 847       0.0000       1.0000       0.3392       0.9823
 848       0.0000       1.0000       0.3392       0.9823
 849       0.0000       1.0000       0.3392       0.9820
 850       0.0000       1.0000       0.3392       0.9821
 851       0.0000       1.0000       0.3392       0.9821
 852       0.0000       1.0000       0.3393       0.9821
 853       0.0000       1.0000       0.3394       0.9821
 854       0.0000       1.0000       0.3395       0.9822
 855       0.0000       1.0000       0.3397       0.9822
 856       0.0000       1.0000       0.3398       0.9822
 857       0.0000       1.0000       0.3401       0.9823
 858       0.0000       1.0000       0.3404       0.9823
 859       0.0000       1.0000       0.3405       0.9823
 860       0.0000       1.0000       0.3409       0.9826
 861       0.0000       1.0000       0.3411       0.9825
 862       0.0000       1.0000       0.3414       0.9822
 863       0.0000       1.0000       0.3418       0.9823
 864       0.0000       1.0000       0.3424       0.9822
 865       0.0000       1.0000       0.3434       0.9823
 866       0.0000       1.0000       0.3446       0.9823
 867       0.0029       0.9994       0.4109       0.9795
 868       0.0022       0.9994       0.3530       0.9803
 869       0.0007       0.9999       0.3510       0.9807
 870       0.0001       0.9999       0.3422       0.9813
 871       0.0000       1.0000       0.3407       0.9816
 872       0.0000       1.0000       0.3394       0.9816
 873       0.0000       1.0000       0.3393       0.9817
 874       0.0000       1.0000       0.3392       0.9818
 875       0.0000       1.0000       0.3391       0.9817
 876       0.0000       1.0000       0.3391       0.9817
 877       0.0000       1.0000       0.3392       0.9817
 878       0.0000       1.0000       0.3392       0.9817
 879       0.0000       1.0000       0.3392       0.9817
 880       0.0000       1.0000       0.3392       0.9817
 881       0.0000       1.0000       0.3392       0.9818
 882       0.0000       1.0000       0.3393       0.9818
 883       0.0000       1.0000       0.3394       0.9818
 884       0.0000       1.0000       0.3395       0.9817
 885       0.0000       1.0000       0.3395       0.9817
 886       0.0000       1.0000       0.3395       0.9816
 887       0.0000       1.0000       0.3396       0.9816
 888       0.0000       1.0000       0.3395       0.9816
 889       0.0000       1.0000       0.3395       0.9817
 890       0.0000       1.0000       0.3396       0.9817
 891       0.0000       1.0000       0.3396       0.9817
 892       0.0000       1.0000       0.3397       0.9817
 893       0.0000       1.0000       0.3399       0.9816
 894       0.0000       1.0000       0.3402       0.9816
 895       0.0000       1.0000       0.3404       0.9816
 896       0.0000       1.0000       0.3409       0.9817
 897       0.0000       1.0000       0.3415       0.9817
 898       0.0000       1.0000       0.3423       0.9815
 899       0.0000       1.0000       0.3435       0.9814
 900       0.0000       1.0000       0.3448       0.9816
 901       0.0000       1.0000       0.3463       0.9817
 902       0.0000       1.0000       0.3476       0.9817
 903       0.0031       0.9994       0.3716       0.9808
 904       0.0020       0.9994       0.3425       0.9819
 905       0.0004       0.9998       0.3417       0.9820
 906       0.0000       1.0000       0.3377       0.9820
 907       0.0000       1.0000       0.3373       0.9819
 908       0.0000       1.0000       0.3370       0.9820
 909       0.0000       1.0000       0.3366       0.9820
 910       0.0000       1.0000       0.3363       0.9818
 911       0.0000       1.0000       0.3361       0.9819
 912       0.0000       1.0000       0.3358       0.9820
 913       0.0000       1.0000       0.3356       0.9821
 914       0.0000       1.0000       0.3354       0.9821
 915       0.0000       1.0000       0.3351       0.9821
 916       0.0000       1.0000       0.3349       0.9821
 917       0.0000       1.0000       0.3347       0.9820
 918       0.0000       1.0000       0.3346       0.9821
 919       0.0000       1.0000       0.3345       0.9821
 920       0.0000       1.0000       0.3345       0.9822
 921       0.0000       1.0000       0.3345       0.9822
 922       0.0000       1.0000       0.3344       0.9824
 923       0.0000       1.0000       0.3345       0.9824
 924       0.0000       1.0000       0.3346       0.9824
 925       0.0000       1.0000       0.3347       0.9823
 926       0.0000       1.0000       0.3349       0.9823
 927       0.0000       1.0000       0.3352       0.9820
 928       0.0000       1.0000       0.3356       0.9820
 929       0.0000       1.0000       0.3360       0.9817
 930       0.0000       1.0000       0.3365       0.9817
 931       0.0000       1.0000       0.3371       0.9816
 932       0.0000       1.0000       0.3377       0.9816
 933       0.0000       1.0000       0.3384       0.9815
 934       0.0000       1.0000       0.3392       0.9813
 935       0.0000       1.0000       0.3400       0.9813
 936       0.0000       1.0000       0.3408       0.9813
 937       0.0000       1.0000       0.3419       0.9813
 938       0.0000       1.0000       0.3435       0.9813
 939       0.0000       1.0000       0.3451       0.9815
 940       0.0000       1.0000       0.3558       0.9814
 941       0.0064       0.9985       0.3611       0.9808
 942       0.0001       1.0000       0.3439       0.9812
 943       0.0000       1.0000       0.3453       0.9811
 944       0.0000       1.0000       0.3452       0.9810
 945       0.0000       1.0000       0.3450       0.9811
 946       0.0000       1.0000       0.3449       0.9811
 947       0.0000       1.0000       0.3448       0.9810
 948       0.0000       1.0000       0.3448       0.9811
 949       0.0000       1.0000       0.3447       0.9810
 950       0.0000       1.0000       0.3446       0.9809
 951       0.0000       1.0000       0.3445       0.9809
 952       0.0000       1.0000       0.3444       0.9808
 953       0.0000       1.0000       0.3444       0.9808
 954       0.0000       1.0000       0.3443       0.9810
 955       0.0000       1.0000       0.3442       0.9811
 956       0.0000       1.0000       0.3442       0.9811
 957       0.0000       1.0000       0.3441       0.9813
 958       0.0000       1.0000       0.3441       0.9813
 959       0.0000       1.0000       0.3442       0.9813
 960       0.0000       1.0000       0.3442       0.9815
 961       0.0000       1.0000       0.3444       0.9816
 962       0.0000       1.0000       0.3445       0.9816
 963       0.0000       1.0000       0.3446       0.9817
 964       0.0000       1.0000       0.3449       0.9816
 965       0.0000       1.0000       0.3452       0.9817
 966       0.0000       1.0000       0.3456       0.9817
 967       0.0000       1.0000       0.3459       0.9817
 968       0.0000       1.0000       0.3465       0.9818
 969       0.0000       1.0000       0.3471       0.9819
 970       0.0000       1.0000       0.3479       0.9820
 971       0.0000       1.0000       0.3486       0.9819
 972       0.0000       1.0000       0.3494       0.9819
 973       0.0000       1.0000       0.3504       0.9818
 974       0.0000       1.0000       0.3515       0.9817
 975       0.0000       1.0000       0.3526       0.9817
 976       0.0000       1.0000       0.3538       0.9816
 977       0.0000       1.0000       0.3551       0.9816
 978       0.0000       1.0000       0.3562       0.9816
 979       0.0000       1.0000       0.3577       0.9818
 980       0.0000       1.0000       0.3949       0.9795
 981       0.0062       0.9988       0.3687       0.9816
 982       0.0003       0.9999       0.3615       0.9817
 983       0.0000       1.0000       0.3598       0.9816
 984       0.0000       1.0000       0.3597       0.9817
 985       0.0000       1.0000       0.3596       0.9818
 986       0.0000       1.0000       0.3594       0.9818
 987       0.0000       1.0000       0.3592       0.9818
 988       0.0000       1.0000       0.3589       0.9818
 989       0.0000       1.0000       0.3586       0.9818
 990       0.0000       1.0000       0.3584       0.9820
 991       0.0000       1.0000       0.3581       0.9821
 992       0.0000       1.0000       0.3577       0.9821
 993       0.0000       1.0000       0.3574       0.9821
 994       0.0000       1.0000       0.3571       0.9822
 995       0.0000       1.0000       0.3567       0.9821
 996       0.0000       1.0000       0.3564       0.9821
 997       0.0000       1.0000       0.3560       0.9821
 998       0.0000       1.0000       0.3557       0.9822
 999       0.0000       1.0000       0.3555       0.9822
