   0       0.3950       0.8773       0.1122       0.9646
   1       0.1129       0.9648       0.0823       0.9735
   2       0.0787       0.9752       0.0718       0.9770
   3       0.0611       0.9803       0.0589       0.9815
   4       0.0493       0.9844       0.0505       0.9837
   5       0.0413       0.9870       0.0457       0.9848
   6       0.0350       0.9891       0.0443       0.9856
   7       0.0305       0.9904       0.0439       0.9859
   8       0.0252       0.9922       0.0501       0.9845
   9       0.0235       0.9925       0.0540       0.9839
  10       0.0210       0.9933       0.0464       0.9859
  11       0.0188       0.9938       0.0460       0.9860
  12       0.0161       0.9945       0.0557       0.9860
  13       0.0164       0.9946       0.0446       0.9876
  14       0.0127       0.9955       0.0549       0.9864
  15       0.0128       0.9958       0.0496       0.9860
  16       0.0116       0.9962       0.0531       0.9869
  17       0.0104       0.9966       0.0554       0.9861
  18       0.0095       0.9967       0.0452       0.9886
  19       0.0072       0.9974       0.0532       0.9871
  20       0.0091       0.9969       0.0546       0.9866
  21       0.0083       0.9972       0.0635       0.9867
  22       0.0080       0.9973       0.0468       0.9883
  23       0.0067       0.9977       0.0595       0.9885
  24       0.0071       0.9977       0.0642       0.9872
  25       0.0065       0.9977       0.0553       0.9880
  26       0.0058       0.9981       0.0526       0.9891
  27       0.0052       0.9982       0.0621       0.9874
  28       0.0076       0.9975       0.0584       0.9879
  29       0.0071       0.9975       0.0626       0.9874
  30       0.0052       0.9982       0.0804       0.9859
  31       0.0043       0.9985       0.0575       0.9889
  32       0.0055       0.9982       0.0569       0.9899
  33       0.0044       0.9985       0.0737       0.9863
  34       0.0068       0.9978       0.0587       0.9877
  35       0.0043       0.9987       0.0537       0.9902
  36       0.0033       0.9990       0.0551       0.9886
  37       0.0060       0.9981       0.0550       0.9895
  38       0.0021       0.9993       0.0558       0.9886
  39       0.0077       0.9977       0.0547       0.9884
  40       0.0036       0.9987       0.0613       0.9895
  41       0.0031       0.9990       0.0705       0.9877
  42       0.0057       0.9980       0.0829       0.9859
  43       0.0039       0.9988       0.0489       0.9908
  44       0.0050       0.9986       0.0683       0.9873
  45       0.0029       0.9991       0.0684       0.9884
  46       0.0037       0.9988       0.0654       0.9885
  47       0.0033       0.9988       0.0694       0.9887
  48       0.0029       0.9991       0.0724       0.9881
  49       0.0052       0.9984       0.0603       0.9900
  50       0.0037       0.9988       0.0594       0.9898
  51       0.0024       0.9991       0.0742       0.9877
  52       0.0051       0.9983       0.1121       0.9834
  53       0.0031       0.9989       0.0760       0.9885
  54       0.0025       0.9992       0.0593       0.9905
  55       0.0037       0.9989       0.0658       0.9888
  56       0.0013       0.9995       0.0933       0.9860
  57       0.0047       0.9986       0.0814       0.9865
  58       0.0040       0.9988       0.0703       0.9891
  59       0.0026       0.9992       0.0638       0.9899
  60       0.0034       0.9991       0.0682       0.9882
  61       0.0016       0.9995       0.0754       0.9884
  62       0.0017       0.9995       0.0620       0.9893
  63       0.0054       0.9984       0.0755       0.9875
  64       0.0027       0.9991       0.0688       0.9892
  65       0.0010       0.9996       0.0847       0.9882
  66       0.0038       0.9990       0.0902       0.9877
  67       0.0036       0.9988       0.0807       0.9880
  68       0.0038       0.9990       0.0630       0.9899
  69       0.0028       0.9993       0.0605       0.9898
  70       0.0014       0.9995       0.0870       0.9877
  71       0.0029       0.9993       0.0801       0.9867
  72       0.0030       0.9992       0.0842       0.9888
  73       0.0048       0.9983       0.0758       0.9898
  74       0.0027       0.9992       0.0766       0.9899
  75       0.0016       0.9996       0.0831       0.9884
  76       0.0012       0.9997       0.0771       0.9905
  77       0.0065       0.9983       0.0853       0.9884
  78       0.0028       0.9992       0.0700       0.9907
  79       0.0007       0.9998       0.0632       0.9913
  80       0.0001       1.0000       0.0608       0.9920
  81       0.0000       1.0000       0.0615       0.9923
  82       0.0000       1.0000       0.0621       0.9923
  83       0.0000       1.0000       0.0627       0.9921
  84       0.0000       1.0000       0.0634       0.9921
  85       0.0000       1.0000       0.0640       0.9920
  86       0.0000       1.0000       0.0647       0.9920
  87       0.0000       1.0000       0.0655       0.9919
  88       0.0000       1.0000       0.0663       0.9919
  89       0.0000       1.0000       0.0672       0.9919
  90       0.0000       1.0000       0.0681       0.9921
  91       0.0000       1.0000       0.0690       0.9921
  92       0.0000       1.0000       0.0699       0.9920
  93       0.0000       1.0000       0.0708       0.9921
  94       0.0000       1.0000       0.0717       0.9922
  95       0.0000       1.0000       0.0727       0.9922
  96       0.0000       1.0000       0.0737       0.9922
  97       0.0000       1.0000       0.0747       0.9922
  98       0.0000       1.0000       0.0757       0.9923
  99       0.0000       1.0000       0.0768       0.9922
 100       0.0000       1.0000       0.0778       0.9922
 101       0.0000       1.0000       0.0790       0.9923
 102       0.0000       1.0000       0.0801       0.9923
 103       0.0000       1.0000       0.0813       0.9923
 104       0.0000       1.0000       0.0824       0.9923
 105       0.0000       1.0000       0.0836       0.9923
 106       0.0000       1.0000       0.0847       0.9924
 107       0.0000       1.0000       0.0859       0.9924
 108       0.0000       1.0000       0.0870       0.9923
 109       0.0000       1.0000       0.0882       0.9923
 110       0.0000       1.0000       0.0893       0.9923
 111       0.0000       1.0000       0.0903       0.9924
 112       0.0000       1.0000       0.0913       0.9924
 113       0.0000       1.0000       0.0921       0.9924
 114       0.0000       1.0000       0.0930       0.9924
 115       0.0000       1.0000       0.0934       0.9925
 116       0.0000       1.0000       0.0939       0.9924
 117       0.0000       1.0000       0.0944       0.9925
 118       0.0000       1.0000       0.0946       0.9924
 119       0.0000       1.0000       0.0949       0.9925
 120       0.0000       1.0000       0.0950       0.9925
 121       0.0000       1.0000       0.0954       0.9924
 122       0.0000       1.0000       0.0959       0.9925
 123       0.0000       1.0000       0.0961       0.9926
 124       0.0000       1.0000       0.0964       0.9925
 125       0.0000       1.0000       0.0970       0.9926
 126       0.0000       1.0000       0.0976       0.9925
 127       0.0000       1.0000       0.0984       0.9924
 128       0.0000       1.0000       0.0993       0.9924
 129       0.0000       1.0000       0.1004       0.9925
 130       0.0000       1.0000       0.1014       0.9925
 131       0.0000       1.0000       0.1024       0.9924
 132       0.0000       1.0000       0.1040       0.9923
 133       0.0000       1.0000       0.1050       0.9923
 134       0.0000       1.0000       0.1065       0.9922
 135       0.0000       1.0000       0.1081       0.9921
 136       0.0000       1.0000       0.1097       0.9922
 137       0.0000       1.0000       0.1098       0.9922
 138       0.0000       1.0000       0.1130       0.9921
 139       0.0000       1.0000       0.1149       0.9921
 140       0.0000       1.0000       0.1166       0.9919
 141       0.0000       1.0000       0.1183       0.9919
 142       0.0000       1.0000       0.1191       0.9919
 143       0.0000       1.0000       0.1209       0.9918
 144       0.0000       1.0000       0.1226       0.9917
 145       0.0000       1.0000       0.1248       0.9917
 146       0.0000       1.0000       0.1271       0.9917
 147       0.0000       1.0000       0.1272       0.9915
 148       0.0241       0.9970       0.0913       0.9902
 149       0.0018       0.9995       0.1060       0.9896
 150       0.0005       0.9998       0.0872       0.9910
 151       0.0008       0.9999       0.0924       0.9906
 152       0.0028       0.9994       0.1209       0.9884
 153       0.0065       0.9986       0.1010       0.9903
 154       0.0025       0.9993       0.0756       0.9909
 155       0.0018       0.9995       0.0970       0.9893
 156       0.0027       0.9993       0.0811       0.9905
 157       0.0031       0.9991       0.0772       0.9901
 158       0.0015       0.9995       0.0833       0.9894
 159       0.0009       0.9998       0.0783       0.9910
 160       0.0020       0.9993       0.1013       0.9895
 161       0.0039       0.9991       0.1016       0.9885
 162       0.0037       0.9991       0.0789       0.9909
 163       0.0004       0.9999       0.0825       0.9905
 164       0.0012       0.9995       0.1045       0.9890
 165       0.0047       0.9988       0.1053       0.9895
 166       0.0042       0.9989       0.0887       0.9888
 167       0.0018       0.9994       0.1170       0.9881
 168       0.0016       0.9996       0.0920       0.9901
 169       0.0014       0.9996       0.0976       0.9892
 170       0.0010       0.9997       0.1078       0.9890
 171       0.0032       0.9991       0.0864       0.9905
 172       0.0024       0.9993       0.1114       0.9888
 173       0.0024       0.9993       0.0841       0.9897
 174       0.0032       0.9993       0.0990       0.9900
 175       0.0011       0.9996       0.0945       0.9898
 176       0.0014       0.9997       0.0962       0.9897
 177       0.0025       0.9992       0.1060       0.9876
 178       0.0032       0.9991       0.0896       0.9905
 179       0.0040       0.9989       0.1102       0.9894
 180       0.0020       0.9995       0.1033       0.9888
 181       0.0010       0.9997       0.0913       0.9894
 182       0.0011       0.9998       0.0856       0.9900
 183       0.0010       0.9997       0.1096       0.9896
 184       0.0035       0.9991       0.1171       0.9885
 185       0.0044       0.9989       0.1076       0.9891
 186       0.0014       0.9996       0.1143       0.9882
 187       0.0020       0.9995       0.1070       0.9870
 188       0.0028       0.9994       0.0952       0.9897
 189       0.0002       1.0000       0.0933       0.9900
 190       0.0000       1.0000       0.0947       0.9898
 191       0.0000       1.0000       0.0953       0.9898
 192       0.0000       1.0000       0.0955       0.9899
 193       0.0000       1.0000       0.0958       0.9900
 194       0.0000       1.0000       0.0961       0.9900
 195       0.0000       1.0000       0.0964       0.9902
 196       0.0000       1.0000       0.0969       0.9903
 197       0.0000       1.0000       0.0973       0.9904
 198       0.0000       1.0000       0.0978       0.9904
 199       0.0000       1.0000       0.0984       0.9903
 200       0.0000       1.0000       0.0990       0.9906
 201       0.0000       1.0000       0.0997       0.9907
 202       0.0000       1.0000       0.1004       0.9905
 203       0.0000       1.0000       0.1011       0.9905
 204       0.0000       1.0000       0.1019       0.9905
 205       0.0000       1.0000       0.1028       0.9905
 206       0.0000       1.0000       0.1036       0.9905
 207       0.0000       1.0000       0.1044       0.9905
 208       0.0000       1.0000       0.1053       0.9906
 209       0.0000       1.0000       0.1062       0.9908
 210       0.0000       1.0000       0.1072       0.9909
 211       0.0000       1.0000       0.1082       0.9909
 212       0.0000       1.0000       0.1092       0.9910
 213       0.0000       1.0000       0.1103       0.9909
 214       0.0000       1.0000       0.1114       0.9908
 215       0.0000       1.0000       0.1126       0.9909
 216       0.0000       1.0000       0.1137       0.9909
 217       0.0000       1.0000       0.1150       0.9910
 218       0.0000       1.0000       0.1162       0.9911
 219       0.0000       1.0000       0.1174       0.9911
 220       0.0000       1.0000       0.1186       0.9911
 221       0.0000       1.0000       0.1198       0.9912
 222       0.0000       1.0000       0.1210       0.9912
 223       0.0000       1.0000       0.1223       0.9912
 224       0.0000       1.0000       0.1235       0.9912
 225       0.0000       1.0000       0.1248       0.9912
 226       0.0000       1.0000       0.1261       0.9912
 227       0.0000       1.0000       0.1275       0.9912
 228       0.0000       1.0000       0.1290       0.9912
 229       0.0000       1.0000       0.1304       0.9912
 230       0.0000       1.0000       0.1319       0.9911
 231       0.0000       1.0000       0.1334       0.9911
 232       0.0000       1.0000       0.1348       0.9912
 233       0.0000       1.0000       0.1362       0.9910
 234       0.0000       1.0000       0.1376       0.9912
 235       0.0000       1.0000       0.1390       0.9912
 236       0.0000       1.0000       0.1404       0.9912
 237       0.0000       1.0000       0.1418       0.9913
 238       0.0000       1.0000       0.1431       0.9913
 239       0.0000       1.0000       0.1444       0.9913
 240       0.0000       1.0000       0.1457       0.9913
 241       0.0000       1.0000       0.1469       0.9914
 242       0.0000       1.0000       0.1483       0.9914
 243       0.0000       1.0000       0.1495       0.9914
 244       0.0000       1.0000       0.1508       0.9914
 245       0.0000       1.0000       0.1521       0.9914
 246       0.0000       1.0000       0.1536       0.9915
 247       0.0000       1.0000       0.1550       0.9916
 248       0.0000       1.0000       0.1567       0.9915
 249       0.0000       1.0000       0.1585       0.9915
 250       0.0000       1.0000       0.1604       0.9915
 251       0.0000       1.0000       0.1626       0.9915
 252       0.0000       1.0000       0.1648       0.9916
 253       0.0000       1.0000       0.1674       0.9917
 254       0.0000       1.0000       0.1704       0.9915
 255       0.0000       1.0000       0.1740       0.9912
 256       0.0000       1.0000       0.1788       0.9911
 257       0.0000       1.0000       0.1737       0.9913
 258       0.0166       0.9980       0.1409       0.9888
 259       0.0041       0.9991       0.1341       0.9902
 260       0.0015       0.9996       0.1624       0.9873
 261       0.0030       0.9993       0.1401       0.9895
 262       0.0009       0.9998       0.1338       0.9888
 263       0.0022       0.9996       0.1512       0.9883
 264       0.0026       0.9995       0.1595       0.9865
 265       0.0015       0.9997       0.1474       0.9881
 266       0.0053       0.9988       0.1891       0.9838
 267       0.0023       0.9996       0.1121       0.9890
 268       0.0016       0.9996       0.1324       0.9890
 269       0.0011       0.9998       0.1103       0.9909
 270       0.0029       0.9995       0.1362       0.9882
 271       0.0019       0.9995       0.1335       0.9893
 272       0.0035       0.9992       0.1124       0.9892
 273       0.0017       0.9996       0.1459       0.9866
 274       0.0010       0.9997       0.1240       0.9907
 275       0.0006       0.9999       0.1315       0.9898
 276       0.0016       0.9996       0.1313       0.9881
 277       0.0046       0.9990       0.1093       0.9904
 278       0.0023       0.9994       0.1176       0.9889
 279       0.0018       0.9996       0.1036       0.9904
 280       0.0036       0.9993       0.1050       0.9903
 281       0.0019       0.9994       0.1085       0.9902
 282       0.0006       0.9998       0.1029       0.9900
 283       0.0015       0.9998       0.1086       0.9904
 284       0.0039       0.9991       0.1096       0.9897
 285       0.0014       0.9996       0.1052       0.9913
 286       0.0002       0.9999       0.1124       0.9911
 287       0.0000       1.0000       0.1139       0.9910
 288       0.0002       1.0000       0.1196       0.9903
 289       0.0070       0.9987       0.1286       0.9879
 290       0.0041       0.9990       0.1209       0.9895
 291       0.0008       0.9998       0.1075       0.9909
 292       0.0005       0.9998       0.1102       0.9906
 293       0.0009       0.9998       0.1191       0.9899
 294       0.0020       0.9995       0.1175       0.9909
 295       0.0041       0.9990       0.1248       0.9904
 296       0.0033       0.9992       0.1251       0.9897
 297       0.0015       0.9995       0.1174       0.9907
 298       0.0003       0.9999       0.1207       0.9908
 299       0.0005       0.9999       0.1260       0.9898
 300       0.0022       0.9997       0.1197       0.9893
 301       0.0044       0.9991       0.1093       0.9907
 302       0.0011       0.9997       0.1238       0.9896
 303       0.0022       0.9995       0.1476       0.9902
 304       0.0019       0.9995       0.1504       0.9888
 305       0.0034       0.9993       0.1213       0.9900
 306       0.0012       0.9998       0.1346       0.9901
 307       0.0018       0.9996       0.1108       0.9902
 308       0.0005       0.9999       0.1141       0.9912
 309       0.0001       1.0000       0.1172       0.9908
 310       0.0000       1.0000       0.1156       0.9912
 311       0.0000       1.0000       0.1152       0.9911
 312       0.0000       1.0000       0.1150       0.9910
 313       0.0000       1.0000       0.1149       0.9911
 314       0.0000       1.0000       0.1148       0.9910
 315       0.0000       1.0000       0.1147       0.9910
 316       0.0000       1.0000       0.1148       0.9911
 317       0.0000       1.0000       0.1149       0.9910
 318       0.0000       1.0000       0.1150       0.9912
 319       0.0000       1.0000       0.1153       0.9912
 320       0.0000       1.0000       0.1156       0.9911
 321       0.0000       1.0000       0.1159       0.9911
 322       0.0000       1.0000       0.1163       0.9914
 323       0.0000       1.0000       0.1168       0.9914
 324       0.0000       1.0000       0.1173       0.9914
 325       0.0000       1.0000       0.1178       0.9914
 326       0.0000       1.0000       0.1184       0.9914
 327       0.0000       1.0000       0.1191       0.9914
 328       0.0000       1.0000       0.1197       0.9913
 329       0.0000       1.0000       0.1204       0.9915
 330       0.0000       1.0000       0.1211       0.9914
 331       0.0000       1.0000       0.1219       0.9915
 332       0.0000       1.0000       0.1227       0.9915
 333       0.0000       1.0000       0.1235       0.9915
 334       0.0000       1.0000       0.1244       0.9916
 335       0.0000       1.0000       0.1253       0.9917
 336       0.0000       1.0000       0.1263       0.9919
 337       0.0000       1.0000       0.1273       0.9920
 338       0.0000       1.0000       0.1284       0.9921
 339       0.0000       1.0000       0.1295       0.9920
 340       0.0000       1.0000       0.1306       0.9922
 341       0.0000       1.0000       0.1318       0.9922
 342       0.0000       1.0000       0.1330       0.9922
 343       0.0000       1.0000       0.1343       0.9921
 344       0.0000       1.0000       0.1357       0.9921
 345       0.0000       1.0000       0.1371       0.9920
 346       0.0000       1.0000       0.1387       0.9922
 347       0.0000       1.0000       0.1403       0.9922
 348       0.0000       1.0000       0.1420       0.9921
 349       0.0000       1.0000       0.1438       0.9920
 350       0.0000       1.0000       0.1455       0.9921
 351       0.0000       1.0000       0.1475       0.9922
 352       0.0000       1.0000       0.1495       0.9922
 353       0.0000       1.0000       0.1514       0.9922
 354       0.0000       1.0000       0.1533       0.9921
 355       0.0000       1.0000       0.1552       0.9921
 356       0.0000       1.0000       0.1571       0.9920
 357       0.0000       1.0000       0.1590       0.9919
 358       0.0000       1.0000       0.1608       0.9920
 359       0.0000       1.0000       0.1626       0.9920
 360       0.0000       1.0000       0.1644       0.9920
 361       0.0000       1.0000       0.1661       0.9920
 362       0.0000       1.0000       0.1677       0.9921
 363       0.0000       1.0000       0.1692       0.9921
 364       0.0000       1.0000       0.1706       0.9921
 365       0.0000       1.0000       0.1719       0.9921
 366       0.0000       1.0000       0.1732       0.9921
 367       0.0000       1.0000       0.1745       0.9921
 368       0.0000       1.0000       0.1756       0.9922
 369       0.0000       1.0000       0.1768       0.9922
 370       0.0000       1.0000       0.1779       0.9919
 371       0.0000       1.0000       0.1790       0.9919
 372       0.0000       1.0000       0.1801       0.9916
 373       0.0000       1.0000       0.1812       0.9916
 374       0.0000       1.0000       0.1823       0.9916
 375       0.0000       1.0000       0.1833       0.9916
 376       0.0000       1.0000       0.1844       0.9915
 377       0.0000       1.0000       0.1854       0.9915
 378       0.0000       1.0000       0.1864       0.9915
 379       0.0000       1.0000       0.1874       0.9915
 380       0.0000       1.0000       0.1883       0.9915
 381       0.0000       1.0000       0.1893       0.9915
 382       0.0000       1.0000       0.1903       0.9914
 383       0.0000       1.0000       0.1913       0.9914
 384       0.0000       1.0000       0.1923       0.9913
 385       0.0000       1.0000       0.1934       0.9913
 386       0.0000       1.0000       0.1945       0.9912
 387       0.0000       1.0000       0.1956       0.9911
 388       0.0000       1.0000       0.1968       0.9911
 389       0.0000       1.0000       0.1980       0.9911
 390       0.0000       1.0000       0.1993       0.9911
 391       0.0000       1.0000       0.2006       0.9911
 392       0.0000       1.0000       0.2019       0.9911
 393       0.0000       1.0000       0.2034       0.9911
 394       0.0000       1.0000       0.2049       0.9910
 395       0.0000       1.0000       0.2066       0.9911
 396       0.0000       1.0000       0.2083       0.9910
 397       0.0000       1.0000       0.2100       0.9909
 398       0.0000       1.0000       0.2118       0.9909
 399       0.0000       1.0000       0.2137       0.9910
 400       0.0000       1.0000       0.2157       0.9910
 401       0.0000       1.0000       0.2180       0.9912
 402       0.0000       1.0000       0.2204       0.9910
 403       0.0000       1.0000       0.2235       0.9909
 404       0.0000       1.0000       0.2248       0.9908
 405       0.0193       0.9979       0.1499       0.9900
 406       0.0022       0.9994       0.1436       0.9908
 407       0.0024       0.9995       0.1510       0.9894
 408       0.0023       0.9997       0.1465       0.9900
 409       0.0013       0.9998       0.1416       0.9902
 410       0.0007       0.9999       0.1610       0.9895
 411       0.0028       0.9994       0.1736       0.9884
 412       0.0048       0.9992       0.1654       0.9906
 413       0.0008       0.9998       0.1450       0.9899
 414       0.0001       1.0000       0.1474       0.9901
 415       0.0047       0.9992       0.1436       0.9894
 416       0.0032       0.9995       0.1532       0.9895
 417       0.0017       0.9997       0.1510       0.9895
 418       0.0026       0.9995       0.1606       0.9892
 419       0.0019       0.9995       0.1610       0.9905
 420       0.0012       0.9998       0.1554       0.9897
 421       0.0014       0.9997       0.1404       0.9908
 422       0.0032       0.9994       0.1521       0.9903
 423       0.0026       0.9996       0.1520       0.9907
 424       0.0019       0.9995       0.1887       0.9887
 425       0.0019       0.9996       0.1488       0.9905
 426       0.0017       0.9996       0.1617       0.9904
 427       0.0046       0.9992       0.1776       0.9899
 428       0.0025       0.9995       0.1818       0.9895
 429       0.0023       0.9996       0.1714       0.9897
 430       0.0010       0.9998       0.1864       0.9899
 431       0.0004       0.9999       0.1752       0.9898
 432       0.0028       0.9996       0.2627       0.9851
 433       0.0035       0.9993       0.1578       0.9902
 434       0.0014       0.9997       0.1636       0.9903
 435       0.0013       0.9997       0.1644       0.9904
 436       0.0015       0.9996       0.1970       0.9887
 437       0.0028       0.9995       0.1891       0.9898
 438       0.0028       0.9994       0.1844       0.9908
 439       0.0018       0.9998       0.1701       0.9901
 440       0.0001       1.0000       0.1614       0.9906
 441       0.0000       1.0000       0.1642       0.9908
 442       0.0000       1.0000       0.1641       0.9908
 443       0.0000       1.0000       0.1640       0.9908
 444       0.0000       1.0000       0.1640       0.9908
 445       0.0000       1.0000       0.1640       0.9908
 446       0.0000       1.0000       0.1640       0.9908
 447       0.0000       1.0000       0.1640       0.9908
 448       0.0000       1.0000       0.1641       0.9908
 449       0.0000       1.0000       0.1641       0.9908
 450       0.0000       1.0000       0.1641       0.9908
 451       0.0000       1.0000       0.1642       0.9909
 452       0.0000       1.0000       0.1643       0.9911
 453       0.0000       1.0000       0.1644       0.9911
 454       0.0000       1.0000       0.1645       0.9911
 455       0.0000       1.0000       0.1646       0.9911
 456       0.0000       1.0000       0.1647       0.9911
 457       0.0000       1.0000       0.1649       0.9911
 458       0.0000       1.0000       0.1651       0.9913
 459       0.0000       1.0000       0.1653       0.9913
 460       0.0000       1.0000       0.1656       0.9914
 461       0.0000       1.0000       0.1658       0.9915
 462       0.0000       1.0000       0.1662       0.9916
 463       0.0000       1.0000       0.1665       0.9916
 464       0.0000       1.0000       0.1669       0.9916
 465       0.0000       1.0000       0.1673       0.9916
 466       0.0000       1.0000       0.1677       0.9914
 467       0.0000       1.0000       0.1683       0.9913
 468       0.0000       1.0000       0.1689       0.9912
 469       0.0000       1.0000       0.1695       0.9914
 470       0.0000       1.0000       0.1701       0.9914
 471       0.0000       1.0000       0.1707       0.9912
 472       0.0000       1.0000       0.1715       0.9914
 473       0.0000       1.0000       0.1724       0.9914
 474       0.0000       1.0000       0.1734       0.9914
 475       0.0000       1.0000       0.1746       0.9914
 476       0.0000       1.0000       0.1760       0.9913
 477       0.0000       1.0000       0.1775       0.9913
 478       0.0000       1.0000       0.1790       0.9911
 479       0.0000       1.0000       0.1807       0.9911
 480       0.0000       1.0000       0.1825       0.9911
 481       0.0000       1.0000       0.1843       0.9911
 482       0.0000       1.0000       0.1862       0.9912
 483       0.0000       1.0000       0.1880       0.9914
 484       0.0000       1.0000       0.1898       0.9913
 485       0.0000       1.0000       0.1915       0.9913
 486       0.0000       1.0000       0.1933       0.9914
 487       0.0000       1.0000       0.1949       0.9914
 488       0.0000       1.0000       0.1965       0.9914
 489       0.0000       1.0000       0.1982       0.9914
 490       0.0000       1.0000       0.1997       0.9913
 491       0.0000       1.0000       0.2012       0.9913
 492       0.0000       1.0000       0.2027       0.9913
 493       0.0000       1.0000       0.2042       0.9912
 494       0.0000       1.0000       0.2057       0.9912
 495       0.0000       1.0000       0.2071       0.9912
 496       0.0000       1.0000       0.2085       0.9915
 497       0.0000       1.0000       0.2099       0.9915
 498       0.0000       1.0000       0.2112       0.9914
 499       0.0000       1.0000       0.2126       0.9913
 500       0.0000       1.0000       0.2140       0.9911
 501       0.0000       1.0000       0.2154       0.9911
 502       0.0000       1.0000       0.2166       0.9911
 503       0.0000       1.0000       0.2178       0.9910
 504       0.0000       1.0000       0.2189       0.9910
 505       0.0000       1.0000       0.2201       0.9910
 506       0.0000       1.0000       0.2212       0.9911
 507       0.0000       1.0000       0.2224       0.9909
 508       0.0000       1.0000       0.2235       0.9909
 509       0.0000       1.0000       0.2247       0.9908
 510       0.0000       1.0000       0.2259       0.9909
 511       0.0000       1.0000       0.2271       0.9909
 512       0.0000       1.0000       0.2283       0.9908
 513       0.0000       1.0000       0.2296       0.9909
 514       0.0000       1.0000       0.2309       0.9910
 515       0.0000       1.0000       0.2322       0.9910
 516       0.0000       1.0000       0.2335       0.9911
 517       0.0000       1.0000       0.2348       0.9912
 518       0.0000       1.0000       0.2360       0.9912
 519       0.0000       1.0000       0.2374       0.9912
 520       0.0000       1.0000       0.2387       0.9912
 521       0.0000       1.0000       0.2402       0.9912
 522       0.0000       1.0000       0.2417       0.9912
 523       0.0000       1.0000       0.2432       0.9913
 524       0.0000       1.0000       0.2449       0.9911
 525       0.0000       1.0000       0.2466       0.9911
 526       0.0000       1.0000       0.2483       0.9911
 527       0.0000       1.0000       0.2501       0.9911
 528       0.0000       1.0000       0.2520       0.9911
 529       0.0000       1.0000       0.2542       0.9911
 530       0.0000       1.0000       0.2564       0.9912
 531       0.0000       1.0000       0.2588       0.9912
 532       0.0000       1.0000       0.2615       0.9911
 533       0.0000       1.0000       0.2645       0.9910
 534       0.0000       1.0000       0.2680       0.9910
 535       0.0000       1.0000       0.2747       0.9910
 536       0.0218       0.9984       0.2080       0.9896
 537       0.0059       0.9993       0.1684       0.9907
 538       0.0011       0.9998       0.1820       0.9898
 539       0.0010       0.9998       0.2056       0.9905
 540       0.0030       0.9997       0.2004       0.9892
 541       0.0020       0.9996       0.1750       0.9903
 542       0.0026       0.9995       0.2111       0.9889
 543       0.0031       0.9995       0.1724       0.9903
 544       0.0016       0.9997       0.1730       0.9905
 545       0.0004       0.9999       0.1936       0.9899
 546       0.0008       0.9998       0.2077       0.9898
 547       0.0039       0.9994       0.2110       0.9884
 548       0.0032       0.9995       0.1653       0.9894
 549       0.0013       0.9997       0.1867       0.9899
 550       0.0021       0.9997       0.1686       0.9895
 551       0.0021       0.9997       0.1761       0.9898
 552       0.0025       0.9996       0.1629       0.9915
 553       0.0032       0.9994       0.1747       0.9900
 554       0.0040       0.9993       0.1691       0.9894
 555       0.0006       0.9999       0.1631       0.9906
 556       0.0000       1.0000       0.1589       0.9910
 557       0.0000       1.0000       0.1589       0.9910
 558       0.0000       1.0000       0.1589       0.9911
 559       0.0000       1.0000       0.1589       0.9910
 560       0.0000       1.0000       0.1589       0.9909
 561       0.0000       1.0000       0.1589       0.9909
 562       0.0000       1.0000       0.1589       0.9908
 563       0.0000       1.0000       0.1589       0.9909
 564       0.0000       1.0000       0.1589       0.9909
 565       0.0000       1.0000       0.1589       0.9908
 566       0.0000       1.0000       0.1589       0.9909
 567       0.0000       1.0000       0.1589       0.9908
 568       0.0000       1.0000       0.1589       0.9908
 569       0.0000       1.0000       0.1590       0.9909
 570       0.0000       1.0000       0.1591       0.9910
 571       0.0000       1.0000       0.1591       0.9910
 572       0.0000       1.0000       0.1593       0.9910
 573       0.0000       1.0000       0.1594       0.9913
 574       0.0000       1.0000       0.1596       0.9913
 575       0.0000       1.0000       0.1599       0.9913
 576       0.0000       1.0000       0.1602       0.9913
 577       0.0000       1.0000       0.1605       0.9913
 578       0.0000       1.0000       0.1609       0.9913
 579       0.0000       1.0000       0.1613       0.9913
 580       0.0000       1.0000       0.1618       0.9915
 581       0.0000       1.0000       0.1623       0.9915
 582       0.0000       1.0000       0.1629       0.9916
 583       0.0000       1.0000       0.1635       0.9917
 584       0.0000       1.0000       0.1642       0.9918
 585       0.0000       1.0000       0.1650       0.9918
 586       0.0000       1.0000       0.1658       0.9919
 587       0.0000       1.0000       0.1668       0.9918
 588       0.0000       1.0000       0.1678       0.9918
 589       0.0000       1.0000       0.1689       0.9917
 590       0.0000       1.0000       0.1701       0.9917
 591       0.0000       1.0000       0.1715       0.9916
 592       0.0000       1.0000       0.1731       0.9916
 593       0.0000       1.0000       0.1751       0.9916
 594       0.0000       1.0000       0.1776       0.9915
 595       0.0000       1.0000       0.1799       0.9915
 596       0.0000       1.0000       0.1826       0.9914
 597       0.0000       1.0000       0.1847       0.9914
 598       0.0000       1.0000       0.1873       0.9915
 599       0.0000       1.0000       0.1895       0.9915
 600       0.0000       1.0000       0.1916       0.9913
 601       0.0000       1.0000       0.1939       0.9914
 602       0.0000       1.0000       0.1961       0.9913
 603       0.0000       1.0000       0.1983       0.9913
 604       0.0000       1.0000       0.2006       0.9912
 605       0.0000       1.0000       0.2030       0.9912
 606       0.0000       1.0000       0.2054       0.9913
 607       0.0000       1.0000       0.2080       0.9913
 608       0.0000       1.0000       0.2109       0.9912
 609       0.0000       1.0000       0.2140       0.9911
 610       0.0000       1.0000       0.2149       0.9913
 611       0.0000       1.0000       0.2171       0.9911
 612       0.0000       1.0000       0.2191       0.9911
 613       0.0000       1.0000       0.2211       0.9911
 614       0.0000       1.0000       0.2231       0.9911
 615       0.0000       1.0000       0.2252       0.9911
 616       0.0000       1.0000       0.2272       0.9912
 617       0.0000       1.0000       0.2293       0.9914
 618       0.0000       1.0000       0.2312       0.9913
 619       0.0000       1.0000       0.2332       0.9911
 620       0.0000       1.0000       0.2352       0.9911
 621       0.0000       1.0000       0.2371       0.9910
 622       0.0000       1.0000       0.2390       0.9910
 623       0.0000       1.0000       0.2411       0.9909
 624       0.0000       1.0000       0.2431       0.9909
 625       0.0000       1.0000       0.2452       0.9909
 626       0.0000       1.0000       0.2473       0.9907
 627       0.0000       1.0000       0.2495       0.9907
 628       0.0000       1.0000       0.2519       0.9907
 629       0.0000       1.0000       0.2544       0.9907
 630       0.0000       1.0000       0.2571       0.9907
 631       0.0000       1.0000       0.2603       0.9907
 632       0.0000       1.0000       0.2643       0.9907
 633       0.0000       1.0000       0.2693       0.9906
 634       0.0000       1.0000       0.2761       0.9907
 635       0.0067       0.9995       0.3945       0.9827
 636       0.0147       0.9983       0.2046       0.9900
 637       0.0019       0.9997       0.2016       0.9905
 638       0.0017       0.9997       0.2092       0.9899
 639       0.0034       0.9997       0.2095       0.9895
 640       0.0041       0.9995       0.2035       0.9897
 641       0.0016       0.9997       0.2020       0.9911
 642       0.0007       0.9998       0.2250       0.9895
 643       0.0060       0.9993       0.2439       0.9882
 644       0.0035       0.9995       0.2138       0.9897
 645       0.0012       0.9998       0.2122       0.9896
 646       0.0026       0.9996       0.2330       0.9894
 647       0.0026       0.9997       0.2516       0.9891
 648       0.0021       0.9995       0.2127       0.9894
 649       0.0022       0.9996       0.2263       0.9892
 650       0.0041       0.9994       0.2084       0.9900
 651       0.0014       0.9998       0.1953       0.9899
 652       0.0005       0.9999       0.1934       0.9904
 653       0.0036       0.9995       0.2209       0.9904
 654       0.0024       0.9996       0.1980       0.9908
 655       0.0025       0.9995       0.2320       0.9888
 656       0.0004       0.9999       0.2207       0.9904
 657       0.0001       0.9999       0.2230       0.9900
 658       0.0006       0.9999       0.2735       0.9864
 659       0.0043       0.9993       0.2059       0.9898
 660       0.0015       0.9997       0.2262       0.9890
 661       0.0045       0.9994       0.2139       0.9893
 662       0.0033       0.9995       0.2052       0.9902
 663       0.0003       0.9999       0.2130       0.9903
 664       0.0004       0.9999       0.2010       0.9901
 665       0.0007       0.9998       0.2120       0.9894
 666       0.0042       0.9994       0.1876       0.9892
 667       0.0047       0.9994       0.2079       0.9888
 668       0.0026       0.9996       0.1871       0.9892
 669       0.0018       0.9997       0.1979       0.9895
 670       0.0013       0.9998       0.2259       0.9880
 671       0.0028       0.9996       0.2137       0.9892
 672       0.0029       0.9995       0.2146       0.9896
 673       0.0021       0.9996       0.1912       0.9902
 674       0.0006       0.9999       0.1788       0.9910
 675       0.0001       1.0000       0.1785       0.9907
 676       0.0000       1.0000       0.1905       0.9907
 677       0.0000       1.0000       0.2010       0.9903
 678       0.0000       1.0000       0.1994       0.9906
 679       0.0000       1.0000       0.1991       0.9907
 680       0.0000       1.0000       0.1989       0.9907
 681       0.0000       1.0000       0.1988       0.9907
 682       0.0000       1.0000       0.1986       0.9908
 683       0.0000       1.0000       0.1985       0.9907
 684       0.0000       1.0000       0.1983       0.9907
 685       0.0000       1.0000       0.1981       0.9907
 686       0.0000       1.0000       0.1980       0.9907
 687       0.0000       1.0000       0.1978       0.9907
 688       0.0000       1.0000       0.1977       0.9907
 689       0.0000       1.0000       0.1975       0.9907
 690       0.0000       1.0000       0.1974       0.9907
 691       0.0000       1.0000       0.1972       0.9908
 692       0.0000       1.0000       0.1971       0.9909
 693       0.0000       1.0000       0.1970       0.9908
 694       0.0000       1.0000       0.1969       0.9909
 695       0.0000       1.0000       0.1968       0.9909
 696       0.0000       1.0000       0.1968       0.9909
 697       0.0000       1.0000       0.1967       0.9909
 698       0.0000       1.0000       0.1966       0.9908
 699       0.0000       1.0000       0.1966       0.9908
 700       0.0000       1.0000       0.1966       0.9906
 701       0.0000       1.0000       0.1967       0.9907
 702       0.0000       1.0000       0.1968       0.9907
 703       0.0000       1.0000       0.1970       0.9907
 704       0.0000       1.0000       0.1972       0.9907
 705       0.0000       1.0000       0.1975       0.9908
 706       0.0000       1.0000       0.1978       0.9908
 707       0.0000       1.0000       0.1982       0.9907
 708       0.0000       1.0000       0.1986       0.9907
 709       0.0000       1.0000       0.1996       0.9906
 710       0.0000       1.0000       0.2008       0.9906
 711       0.0000       1.0000       0.2020       0.9908
 712       0.0000       1.0000       0.2035       0.9908
 713       0.0000       1.0000       0.2054       0.9909
 714       0.0000       1.0000       0.2073       0.9909
 715       0.0000       1.0000       0.2095       0.9909
 716       0.0000       1.0000       0.2121       0.9909
 717       0.0000       1.0000       0.2145       0.9911
 718       0.0000       1.0000       0.2174       0.9912
 719       0.0000       1.0000       0.2201       0.9910
 720       0.0000       1.0000       0.2228       0.9910
 721       0.0000       1.0000       0.2254       0.9910
 722       0.0000       1.0000       0.2280       0.9910
 723       0.0000       1.0000       0.2303       0.9910
 724       0.0000       1.0000       0.2327       0.9910
 725       0.0000       1.0000       0.2348       0.9909
 726       0.0000       1.0000       0.2370       0.9910
 727       0.0000       1.0000       0.2391       0.9910
 728       0.0000       1.0000       0.2413       0.9909
 729       0.0000       1.0000       0.2432       0.9909
 730       0.0000       1.0000       0.2452       0.9909
 731       0.0000       1.0000       0.2473       0.9908
 732       0.0000       1.0000       0.2494       0.9907
 733       0.0000       1.0000       0.2518       0.9907
 734       0.0000       1.0000       0.2540       0.9907
 735       0.0000       1.0000       0.2560       0.9907
 736       0.0000       1.0000       0.2580       0.9905
 737       0.0000       1.0000       0.2601       0.9905
 738       0.0000       1.0000       0.2623       0.9905
 739       0.0000       1.0000       0.2647       0.9906
 740       0.0000       1.0000       0.2677       0.9906
 741       0.0000       1.0000       0.2699       0.9907
 742       0.0000       1.0000       0.2741       0.9907
 743       0.0000       1.0000       0.2700       0.9906
 744       0.0000       1.0000       0.2715       0.9911
 745       0.0000       1.0000       0.2738       0.9910
 746       0.0000       1.0000       0.2755       0.9910
 747       0.0000       1.0000       0.2769       0.9911
 748       0.0000       1.0000       0.2784       0.9909
 749       0.0000       1.0000       0.2799       0.9909
 750       0.0000       1.0000       0.2815       0.9909
 751       0.0000       1.0000       0.2833       0.9910
 752       0.0000       1.0000       0.2854       0.9910
 753       0.0000       1.0000       0.2878       0.9910
 754       0.0000       1.0000       0.2906       0.9910
 755       0.0000       1.0000       0.2947       0.9909
 756       0.0000       1.0000       0.2932       0.9909
 757       0.0000       1.0000       0.2943       0.9908
 758       0.0000       1.0000       0.2960       0.9908
 759       0.0000       1.0000       0.2977       0.9909
 760       0.0000       1.0000       0.2995       0.9909
 761       0.0000       1.0000       0.3012       0.9910
 762       0.0000       1.0000       0.3032       0.9910
 763       0.0000       1.0000       0.3050       0.9910
 764       0.0000       1.0000       0.3070       0.9910
 765       0.0000       1.0000       0.3090       0.9910
 766       0.0000       1.0000       0.3116       0.9910
 767       0.0168       0.9988       0.3464       0.9877
 768       0.0069       0.9991       0.2540       0.9885
 769       0.0026       0.9998       0.2535       0.9895
 770       0.0032       0.9995       0.2596       0.9894
 771       0.0025       0.9996       0.2407       0.9891
 772       0.0013       0.9998       0.2477       0.9901
 773       0.0012       0.9997       0.2597       0.9894
 774       0.0010       0.9998       0.2478       0.9904
 775       0.0031       0.9996       0.2949       0.9891
 776       0.0028       0.9996       0.2415       0.9902
 777       0.0023       0.9997       0.2386       0.9894
 778       0.0030       0.9996       0.2134       0.9911
 779       0.0020       0.9997       0.2331       0.9905
 780       0.0015       0.9998       0.2506       0.9895
 781       0.0015       0.9997       0.2585       0.9903
 782       0.0000       1.0000       0.2484       0.9904
 783       0.0057       0.9992       0.3286       0.9886
 784       0.0053       0.9993       0.2449       0.9906
 785       0.0020       0.9998       0.2513       0.9898
 786       0.0010       0.9998       0.2672       0.9901
 787       0.0004       1.0000       0.2260       0.9908
 788       0.0000       1.0000       0.2260       0.9908
 789       0.0000       1.0000       0.2260       0.9908
 790       0.0000       1.0000       0.2261       0.9908
 791       0.0000       1.0000       0.2261       0.9908
 792       0.0000       1.0000       0.2261       0.9908
 793       0.0000       1.0000       0.2262       0.9908
 794       0.0000       1.0000       0.2263       0.9907
 795       0.0000       1.0000       0.2263       0.9907
 796       0.0000       1.0000       0.2264       0.9907
 797       0.0000       1.0000       0.2265       0.9907
 798       0.0000       1.0000       0.2266       0.9905
 799       0.0000       1.0000       0.2267       0.9906
 800       0.0000       1.0000       0.2268       0.9906
 801       0.0000       1.0000       0.2269       0.9906
 802       0.0000       1.0000       0.2271       0.9906
 803       0.0000       1.0000       0.2273       0.9907
 804       0.0000       1.0000       0.2274       0.9906
 805       0.0000       1.0000       0.2276       0.9906
 806       0.0000       1.0000       0.2279       0.9906
 807       0.0000       1.0000       0.2281       0.9906
 808       0.0000       1.0000       0.2283       0.9906
 809       0.0000       1.0000       0.2285       0.9905
 810       0.0000       1.0000       0.2287       0.9906
 811       0.0000       1.0000       0.2290       0.9906
 812       0.0000       1.0000       0.2292       0.9906
 813       0.0000       1.0000       0.2295       0.9907
 814       0.0000       1.0000       0.2297       0.9906
 815       0.0000       1.0000       0.2300       0.9904
 816       0.0000       1.0000       0.2302       0.9904
 817       0.0000       1.0000       0.2305       0.9904
 818       0.0000       1.0000       0.2310       0.9904
 819       0.0000       1.0000       0.2315       0.9904
 820       0.0000       1.0000       0.2321       0.9903
 821       0.0000       1.0000       0.2329       0.9903
 822       0.0000       1.0000       0.2337       0.9904
 823       0.0000       1.0000       0.2345       0.9904
 824       0.0000       1.0000       0.2357       0.9904
 825       0.0000       1.0000       0.2371       0.9904
 826       0.0000       1.0000       0.2384       0.9904
 827       0.0000       1.0000       0.2399       0.9904
 828       0.0000       1.0000       0.2418       0.9904
 829       0.0000       1.0000       0.2436       0.9904
 830       0.0000       1.0000       0.2457       0.9904
 831       0.0000       1.0000       0.2479       0.9904
 832       0.0000       1.0000       0.2504       0.9905
 833       0.0000       1.0000       0.2530       0.9905
 834       0.0000       1.0000       0.2558       0.9904
 835       0.0000       1.0000       0.2589       0.9902
 836       0.0000       1.0000       0.2615       0.9902
 837       0.0000       1.0000       0.2641       0.9902
 838       0.0000       1.0000       0.2652       0.9905
 839       0.0000       1.0000       0.2676       0.9905
 840       0.0000       1.0000       0.2695       0.9905
 841       0.0000       1.0000       0.2719       0.9905
 842       0.0000       1.0000       0.2738       0.9904
 843       0.0000       1.0000       0.2766       0.9903
 844       0.0000       1.0000       0.2786       0.9906
 845       0.0000       1.0000       0.2818       0.9910
 846       0.0145       0.9989       0.3394       0.9881
 847       0.0080       0.9991       0.2601       0.9895
 848       0.0018       0.9997       0.2823       0.9900
 849       0.0026       0.9996       0.3187       0.9893
 850       0.0023       0.9997       0.2783       0.9905
 851       0.0025       0.9997       0.3006       0.9901
 852       0.0022       0.9997       0.3486       0.9891
 853       0.0036       0.9996       0.3043       0.9892
 854       0.0015       0.9996       0.2961       0.9905
 855       0.0020       0.9998       0.3264       0.9890
 856       0.0031       0.9995       0.3406       0.9892
 857       0.0045       0.9996       0.3457       0.9895
 858       0.0027       0.9998       0.3229       0.9896
 859       0.0012       0.9998       0.3214       0.9888
 860       0.0033       0.9996       0.2652       0.9893
 861       0.0011       0.9998       0.2481       0.9904
 862       0.0059       0.9994       0.2583       0.9910
 863       0.0027       0.9996       0.2496       0.9898
 864       0.0025       0.9997       0.2329       0.9911
 865       0.0010       0.9999       0.2269       0.9916
 866       0.0007       0.9999       0.2613       0.9906
 867       0.0026       0.9997       0.2917       0.9895
 868       0.0030       0.9996       0.3055       0.9889
 869       0.0023       0.9997       0.3311       0.9900
 870       0.0017       0.9997       0.2797       0.9902
 871       0.0042       0.9996       0.2734       0.9896
 872       0.0040       0.9995       0.2630       0.9898
 873       0.0022       0.9998       0.2514       0.9896
 874       0.0005       0.9999       0.2790       0.9904
 875       0.0017       0.9998       0.2715       0.9906
 876       0.0038       0.9996       0.2748       0.9903
 877       0.0014       0.9997       0.2700       0.9897
 878       0.0053       0.9995       0.2925       0.9905
 879       0.0033       0.9995       0.2893       0.9897
 880       0.0022       0.9997       0.2622       0.9905
 881       0.0001       1.0000       0.2798       0.9901
 882       0.0009       0.9999       0.2895       0.9911
 883       0.0036       0.9996       0.2806       0.9893
 884       0.0044       0.9995       0.2792       0.9894
 885       0.0036       0.9997       0.2778       0.9911
 886       0.0025       0.9996       0.2990       0.9896
 887       0.0018       0.9998       0.2675       0.9908
 888       0.0017       0.9998       0.2731       0.9905
 889       0.0016       0.9998       0.2543       0.9905
 890       0.0017       0.9998       0.2785       0.9899
 891       0.0017       0.9999       0.2669       0.9898
 892       0.0034       0.9996       0.2547       0.9899
 893       0.0024       0.9997       0.2551       0.9895
 894       0.0020       0.9997       0.2457       0.9911
 895       0.0015       0.9997       0.2597       0.9909
 896       0.0019       0.9997       0.2329       0.9917
 897       0.0011       0.9998       0.2616       0.9906
 898       0.0028       0.9997       0.2267       0.9914
 899       0.0015       0.9998       0.2637       0.9900
 900       0.0018       0.9998       0.2500       0.9903
 901       0.0003       0.9999       0.2467       0.9904
 902       0.0002       0.9999       0.2491       0.9911
 903       0.0077       0.9993       0.2937       0.9895
 904       0.0031       0.9997       0.2440       0.9910
 905       0.0046       0.9996       0.2571       0.9915
 906       0.0023       0.9997       0.2652       0.9914
 907       0.0022       0.9997       0.2836       0.9906
 908       0.0019       0.9998       0.3108       0.9908
 909       0.0012       0.9998       0.2900       0.9907
 910       0.0032       0.9997       0.3394       0.9905
 911       0.0033       0.9997       0.3088       0.9901
 912       0.0044       0.9995       0.2832       0.9905
 913       0.0025       0.9998       0.2807       0.9910
 914       0.0036       0.9995       0.2723       0.9909
 915       0.0034       0.9996       0.2445       0.9921
 916       0.0014       0.9998       0.2481       0.9918
 917       0.0000       1.0000       0.2576       0.9921
 918       0.0000       1.0000       0.2572       0.9921
 919       0.0000       1.0000       0.2571       0.9921
 920       0.0000       1.0000       0.2571       0.9921
 921       0.0000       1.0000       0.2571       0.9921
 922       0.0000       1.0000       0.2571       0.9921
 923       0.0000       1.0000       0.2571       0.9921
 924       0.0000       1.0000       0.2570       0.9921
 925       0.0000       1.0000       0.2570       0.9921
 926       0.0000       1.0000       0.2570       0.9921
 927       0.0000       1.0000       0.2570       0.9921
 928       0.0000       1.0000       0.2570       0.9921
 929       0.0000       1.0000       0.2569       0.9921
 930       0.0000       1.0000       0.2569       0.9921
 931       0.0000       1.0000       0.2569       0.9921
 932       0.0000       1.0000       0.2569       0.9921
 933       0.0000       1.0000       0.2568       0.9921
 934       0.0000       1.0000       0.2568       0.9921
 935       0.0000       1.0000       0.2568       0.9921
 936       0.0000       1.0000       0.2567       0.9921
 937       0.0000       1.0000       0.2567       0.9920
 938       0.0000       1.0000       0.2567       0.9919
 939       0.0000       1.0000       0.2566       0.9919
 940       0.0000       1.0000       0.2566       0.9919
 941       0.0000       1.0000       0.2566       0.9919
 942       0.0000       1.0000       0.2566       0.9919
 943       0.0000       1.0000       0.2565       0.9919
 944       0.0000       1.0000       0.2565       0.9919
 945       0.0000       1.0000       0.2566       0.9919
 946       0.0000       1.0000       0.2565       0.9919
 947       0.0000       1.0000       0.2566       0.9919
 948       0.0000       1.0000       0.2565       0.9919
 949       0.0000       1.0000       0.2567       0.9919
 950       0.0000       1.0000       0.2568       0.9919
 951       0.0000       1.0000       0.2570       0.9919
 952       0.0000       1.0000       0.2573       0.9920
 953       0.0000       1.0000       0.2578       0.9920
 954       0.0000       1.0000       0.2584       0.9920
 955       0.0000       1.0000       0.2590       0.9920
 956       0.0000       1.0000       0.2597       0.9920
 957       0.0000       1.0000       0.2603       0.9920
 958       0.0000       1.0000       0.2611       0.9920
 959       0.0000       1.0000       0.2619       0.9920
 960       0.0000       1.0000       0.2627       0.9919
 961       0.0000       1.0000       0.2635       0.9919
 962       0.0000       1.0000       0.2644       0.9919
 963       0.0000       1.0000       0.2653       0.9919
 964       0.0000       1.0000       0.2662       0.9920
 965       0.0000       1.0000       0.2672       0.9920
 966       0.0000       1.0000       0.2683       0.9920
 967       0.0000       1.0000       0.2668       0.9922
 968       0.0000       1.0000       0.2677       0.9923
 969       0.0000       1.0000       0.2686       0.9922
 970       0.0000       1.0000       0.2694       0.9922
 971       0.0000       1.0000       0.2702       0.9922
 972       0.0000       1.0000       0.2709       0.9922
 973       0.0000       1.0000       0.2717       0.9922
 974       0.0000       1.0000       0.2724       0.9922
 975       0.0000       1.0000       0.2729       0.9922
 976       0.0000       1.0000       0.2736       0.9922
 977       0.0000       1.0000       0.2741       0.9922
 978       0.0000       1.0000       0.2746       0.9922
 979       0.0000       1.0000       0.2751       0.9923
 980       0.0000       1.0000       0.2756       0.9923
 981       0.0000       1.0000       0.2760       0.9923
 982       0.0000       1.0000       0.2765       0.9923
 983       0.0000       1.0000       0.2769       0.9923
 984       0.0000       1.0000       0.2773       0.9923
 985       0.0000       1.0000       0.2776       0.9923
 986       0.0000       1.0000       0.2780       0.9922
 987       0.0000       1.0000       0.2784       0.9922
 988       0.0000       1.0000       0.2787       0.9922
 989       0.0000       1.0000       0.2790       0.9922
 990       0.0000       1.0000       0.2793       0.9922
 991       0.0000       1.0000       0.2796       0.9923
 992       0.0000       1.0000       0.2799       0.9923
 993       0.0000       1.0000       0.2801       0.9923
 994       0.0000       1.0000       0.2804       0.9923
 995       0.0000       1.0000       0.2806       0.9922
 996       0.0000       1.0000       0.2809       0.9922
 997       0.0000       1.0000       0.2811       0.9921
 998       0.0000       1.0000       0.2814       0.9921
 999       0.0000       1.0000       0.2815       0.9920
